4244
0 1
0 2
0 3
0 7
0 8
0 9
0 10
0 14
0 18
0 19
0 20
0 26
0 28
0 29
0 30
0 39
0 41
0 42
0 45
0 48
0 51
0 52
0 54
0 55
0 57
0 58
0 59
0 60
0 61
0 63
0 64
0 65
0 67
0 69
0 70
0 71
0 72
0 76
0 79
0 80
0 82
0 83
0 85
0 94
0 95
0 97
0 98
0 101
0 102
0 104
0 106
0 112
0 114
0 115
0 116
0 118
0 120
0 122
0 123
0 124
0 129
0 130
1 1
1 2
1 4
1 5
1 7
1 8
1 12
1 14
1 20
1 22
1 23
1 26
1 32
1 33
1 36
1 37
1 39
1 45
1 48
1 55
1 59
1 63
1 65
1 69
1 70
1 71
1 72
1 74
1 76
1 77
1 82
1 83
1 84
1 86
1 89
1 92
1 96
1 98
1 100
1 101
1 106
1 108
1 109
1 110
1 112
1 115
1 119
1 121
1 122
1 128
1 129
2 3
2 5
2 7
2 8
2 11
2 15
2 17
2 18
2 21
2 23
2 26
2 30
2 32
2 34
2 35
2 37
2 40
2 42
2 46
2 48
2 51
2 53
2 54
2 56
2 57
2 63
2 66
2 69
2 70
2 73
2 74
2 75
2 76
2 77
2 79
2 81
2 86
2 91
2 95
2 97
2 98
2 100
2 106
2 108
2 109
2 111
2 115
2 117
2 118
2 121
2 128
2 129
2 131
3 0
3 2
3 4
3 5
3 6
3 7
3 9
3 10
3 14
3 15
3 17
3 19
3 20
3 22
3 23
3 24
3 25
3 27
3 28
3 29
3 33
3 34
3 40
3 41
3 42
3 48
3 49
3 50
3 52
3 54
3 56
3 65
3 66
3 68
3 69
3 71
3 73
3 75
3 77
3 79
3 82
3 83
3 85
3 86
3 87
3 89
3 90
3 91
3 92
3 94
3 96
3 98
3 99
3 100
3 101
3 103
3 104
3 105
3 106
3 109
3 110
3 112
3 117
3 119
3 121
3 123
3 124
3 130
3 131
4 1
4 3
4 5
4 6
4 7
4 8
4 10
4 11
4 12
4 14
4 15
4 16
4 18
4 19
4 20
4 22
4 25
4 26
4 28
4 29
4 30
4 36
4 37
4 39
4 43
4 49
4 50
4 51
4 52
4 53
4 54
4 55
4 56
4 59
4 60
4 61
4 65
4 67
4 69
4 70
4 71
4 72
4 77
4 81
4 83
4 84
4 85
4 88
4 89
4 90
4 93
4 94
4 100
4 101
4 102
4 108
4 109
4 117
4 118
4 124
4 127
4 128
4 129
4 130
4 131
5 0
5 2
5 3
5 5
5 6
5 8
5 10
5 11
5 12
5 14
5 15
5 16
5 17
5 19
5 20
5 23
5 26
5 27
5 28
5 29
5 30
5 31
5 32
5 34
5 36
5 38
5 39
5 41
5 47
5 48
5 52
5 53
5 54
5 56
5 58
5 60
5 62
5 63
5 65
5 71
5 74
5 76
5 77
5 78
5 79
5 80
5 81
5 82
5 85
5 87
5 90
5 93
5 94
5 95
5 101
5 102
5 103
5 107
5 108
5 109
5 112
5 113
5 115
5 120
5 124
5 126
5 127
5 129
5 130
6 5
6 6
6 8
6 10
6 14
6 16
6 18
6 20
6 24
6 26
6 28
6 30
6 33
6 34
6 35
6 36
6 37
6 39
6 41
6 42
6 43
6 44
6 45
6 46
6 51
6 52
6 55
6 56
6 57
6 58
6 60
6 61
6 62
6 63
6 65
6 66
6 68
6 69
6 70
6 71
6 75
6 80
6 81
6 82
6 83
6 84
6 85
6 86
6 88
6 90
6 91
6 92
6 93
6 94
6 97
6 99
6 101
6 103
6 106
6 107
6 110
6 112
6 113
6 114
6 117
6 122
6 123
6 124
6 126
6 128
6 131
6 132
7 0
7 4
7 7
7 8
7 10
7 12
7 15
7 16
7 19
7 20
7 21
7 24
7 27
7 31
7 32
7 38
7 39
7 43
7 44
7 45
7 46
7 47
7 48
7 49
7 51
7 52
7 53
7 55
7 68
7 69
7 70
7 71
7 72
7 73
7 74
7 75
7 78
7 79
7 80
7 81
7 82
7 83
7 85
7 86
7 89
7 90
7 92
7 96
7 100
7 103
7 109
7 111
7 113
7 116
7 117
7 118
7 120
7 122
7 123
7 128
7 129
7 131
8 0
8 6
8 7
8 8
8 9
8 12
8 14
8 15
8 16
8 17
8 18
8 20
8 22
8 23
8 24
8 25
8 27
8 34
8 35
8 38
8 39
8 40
8 41
8 42
8 43
8 45
8 53
8 54
8 62
8 63
8 64
8 68
8 69
8 71
8 74
8 75
8 84
8 86
8 88
8 90
8 93
8 94
8 96
8 98
8 99
8 104
8 105
8 107
8 108
8 109
8 110
8 116
8 119
8 120
8 123
8 124
8 129
8 130
8 131
8 132
9 0
9 1
9 5
9 6
9 7
9 9
9 12
9 13
9 15
9 16
9 19
9 22
9 23
9 25
9 26
9 29
9 30
9 31
9 32
9 33
9 34
9 35
9 39
9 40
9 43
9 45
9 46
9 47
9 54
9 55
9 57
9 58
9 59
9 60
9 61
9 62
9 63
9 67
9 68
9 70
9 73
9 75
9 76
9 77
9 80
9 82
9 84
9 86
9 87
9 88
9 90
9 91
9 93
9 94
9 99
9 102
9 103
9 105
9 107
9 108
9 109
9 110
9 113
9 118
9 124
9 126
9 128
9 130
9 131
9 132
10 3
10 6
10 9
10 10
10 15
10 17
10 19
10 20
10 21
10 23
10 27
10 28
10 29
10 31
10 32
10 38
10 39
10 42
10 45
10 46
10 54
10 55
10 58
10 59
10 60
10 62
10 69
10 71
10 73
10 75
10 76
10 77
10 79
10 81
10 82
10 83
10 84
10 86
10 87
10 88
10 89
10 90
10 92
10 93
10 94
10 96
10 98
10 99
10 101
10 102
10 103
10 108
10 109
10 112
10 116
10 117
10 122
10 124
10 127
10 128
10 131
11 0
11 3
11 4
11 5
11 6
11 7
11 12
11 14
11 15
11 16
11 18
11 20
11 22
11 24
11 28
11 30
11 33
11 36
11 37
11 38
11 43
11 45
11 52
11 53
11 54
11 58
11 60
11 61
11 62
11 66
11 68
11 69
11 70
11 71
11 72
11 75
11 77
11 78
11 80
11 82
11 87
11 88
11 89
11 94
11 95
11 96
11 98
11 103
11 104
11 105
11 106
11 108
11 109
11 113
11 114
11 115
11 117
11 121
11 122
11 124
11 126
11 130
11 131
11 132
12 2
12 3
12 4
12 5
12 7
12 8
12 9
12 10
12 11
12 12
12 14
12 17
12 19
12 20
12 22
12 23
12 24
12 25
12 26
12 27
12 30
12 31
12 32
12 33
12 36
12 37
12 41
12 42
12 47
12 50
12 51
12 56
12 57
12 62
12 64
12 65
12 69
12 75
12 77
12 79
12 80
12 82
12 88
12 89
12 90
12 91
12 94
12 95
12 97
12 100
12 101
12 102
12 104
12 105
12 106
12 107
12 108
12 109
12 112
12 113
12 116
12 118
12 122
12 126
12 128
12 129
12 132
13 3
13 4
13 6
13 9
13 13
13 14
13 15
13 16
13 18
13 21
13 22
13 24
13 27
13 29
13 31
13 32
13 35
13 36
13 37
13 38
13 39
13 40
13 41
13 43
13 44
13 45
13 46
13 48
13 49
13 51
13 52
13 53
13 58
13 59
13 60
13 62
13 65
13 69
13 70
13 73
13 76
13 80
13 81
13 84
13 85
13 88
13 91
13 92
13 94
13 95
13 96
13 98
13 102
13 104
13 105
13 106
13 107
13 112
13 114
13 116
13 117
13 118
13 119
13 121
13 122
13 123
13 126
13 128
13 129
13 131
14 0
14 1
14 2
14 4
14 8
14 9
14 13
14 15
14 17
14 18
14 19
14 21
14 24
14 25
14 26
14 28
14 29
14 30
14 33
14 36
14 37
14 40
14 41
14 48
14 49
14 50
14 51
14 52
14 53
14 55
14 58
14 59
14 60
14 62
14 63
14 70
14 73
14 74
14 76
14 79
14 80
14 82
14 85
14 86
14 88
14 93
14 95
14 96
14 97
14 98
14 99
14 101
14 107
14 108
14 110
14 112
14 115
14 116
14 117
14 119
14 120
14 121
14 123
14 124
14 125
14 126
14 129
14 132
15 0
15 1
15 2
15 5
15 9
15 11
15 16
15 17
15 20
15 21
15 22
15 23
15 24
15 26
15 27
15 28
15 29
15 35
15 40
15 41
15 42
15 44
15 46
15 50
15 51
15 52
15 56
15 59
15 60
15 61
15 62
15 64
15 66
15 67
15 68
15 74
15 76
15 81
15 82
15 83
15 84
15 85
15 86
15 90
15 92
15 93
15 94
15 95
15 97
15 101
15 102
15 103
15 105
15 106
15 109
15 110
15 111
15 114
15 116
15 117
15 118
15 119
15 122
15 124
15 125
15 131
15 132
16 2
16 4
16 5
16 6
16 12
16 13
16 15
16 18
16 19
16 20
16 21
16 22
16 23
16 24
16 25
16 27
16 28
16 29
16 31
16 32
16 35
16 36
16 37
16 38
16 39
16 40
16 46
16 47
16 48
16 49
16 52
16 54
16 55
16 57
16 59
16 60
16 63
16 64
16 67
16 69
16 71
16 72
16 74
16 75
16 76
16 77
16 78
16 79
16 83
16 87
16 90
16 91
16 95
16 96
16 98
16 100
16 103
16 104
16 107
16 108
16 111
16 112
16 113
16 114
16 115
16 116
16 117
16 119
16 120
16 121
16 123
16 126
16 127
16 128
16 129
16 130
17 4
17 9
17 12
17 13
17 14
17 19
17 20
17 21
17 23
17 24
17 25
17 27
17 30
17 31
17 32
17 33
17 35
17 36
17 38
17 39
17 40
17 41
17 45
17 49
17 52
17 53
17 56
17 62
17 63
17 66
17 68
17 69
17 71
17 72
17 74
17 75
17 77
17 80
17 86
17 89
17 91
17 92
17 98
17 100
17 104
17 105
17 106
17 109
17 110
17 111
17 113
17 114
17 115
17 116
17 117
17 118
17 121
17 123
17 125
17 129
17 131
17 132
18 3
18 4
18 5
18 6
18 9
18 10
18 11
18 12
18 13
18 14
18 15
18 16
18 18
18 22
18 23
18 24
18 25
18 27
18 28
18 29
18 31
18 32
18 37
18 42
18 43
18 45
18 46
18 48
18 49
18 50
18 53
18 55
18 56
18 57
18 60
18 64
18 67
18 68
18 69
18 71
18 77
18 81
18 82
18 83
18 84
18 87
18 88
18 90
18 91
18 97
18 98
18 101
18 102
18 103
18 104
18 105
18 106
18 107
18 108
18 109
18 110
18 111
18 112
18 113
18 114
18 119
18 120
18 123
18 128
18 129
18 131
19 2
19 3
19 4
19 6
19 7
19 8
19 9
19 13
19 14
19 16
19 18
19 20
19 22
19 25
19 26
19 27
19 29
19 31
19 32
19 34
19 36
19 37
19 39
19 40
19 44
19 47
19 48
19 50
19 51
19 55
19 56
19 57
19 60
19 61
19 62
19 64
19 65
19 68
19 69
19 72
19 81
19 82
19 83
19 85
19 86
19 87
19 92
19 93
19 95
19 96
19 97
19 98
19 99
19 100
19 103
19 105
19 109
19 110
19 111
19 112
19 113
19 116
19 120
19 122
19 123
19 124
19 125
19 126
19 129
19 130
19 131
19 132
20 0
20 1
20 2
20 3
20 5
20 9
20 11
20 12
20 14
20 20
20 25
20 26
20 27
20 28
20 29
20 32
20 34
20 35
20 38
20 40
20 41
20 42
20 43
20 45
20 46
20 47
20 49
20 52
20 53
20 54
20 56
20 57
20 58
20 59
20 60
20 61
20 62
20 66
20 69
20 70
20 74
20 75
20 77
20 78
20 79
20 82
20 84
20 85
20 86
20 91
20 93
20 95
20 96
20 100
20 101
20 102
20 103
20 105
20 107
20 108
20 109
20 110
20 115
20 118
20 120
20 124
20 126
20 127
20 128
20 130
20 131
21 0
21 2
21 4
21 7
21 9
21 11
21 12
21 14
21 15
21 16
21 17
21 18
21 20
21 21
21 22
21 23
21 25
21 26
21 27
21 31
21 38
21 39
21 40
21 41
21 42
21 44
21 49
21 50
21 51
21 53
21 54
21 55
21 56
21 59
21 60
21 63
21 64
21 65
21 70
21 71
21 73
21 77
21 78
21 80
21 81
21 88
21 89
21 90
21 92
21 93
21 96
21 98
21 103
21 104
21 105
21 106
21 108
21 111
21 114
21 115
21 118
21 120
21 122
21 125
21 126
21 127
22 1
22 6
22 9
22 10
22 11
22 13
22 14
22 15
22 20
22 21
22 24
22 32
22 34
22 35
22 36
22 37
22 38
22 40
22 41
22 42
22 48
22 49
22 51
22 55
22 57
22 58
22 59
22 60
22 61
22 62
22 65
22 66
22 67
22 68
22 70
22 73
22 76
22 80
22 84
22 86
22 89
22 91
22 93
22 95
22 96
22 97
22 98
22 102
22 103
22 104
22 105
22 106
22 109
22 110
22 112
22 114
22 116
22 120
22 122
22 124
22 125
22 126
22 127
22 130
22 131
22 132
23 1
23 2
23 3
23 5
23 6
23 7
23 8
23 9
23 10
23 13
23 15
23 16
23 17
23 18
23 19
23 22
23 23
23 24
23 25
23 26
23 27
23 28
23 29
23 31
23 34
23 35
23 36
23 37
23 38
23 42
23 44
23 45
23 49
23 52
23 53
23 54
23 56
23 60
23 62
23 67
23 68
23 70
23 72
23 74
23 76
23 77
23 80
23 85
23 86
23 87
23 88
23 89
23 92
23 94
23 97
23 98
23 100
23 103
23 105
23 106
23 107
23 108
23 109
23 110
23 111
23 112
23 113
23 114
23 116
23 117
23 122
23 124
23 125
23 126
23 127
23 130
23 131
23 132
24 1
24 2
24 3
24 5
24 6
24 8
24 12
24 14
24 15
24 17
24 18
24 20
24 23
24 25
24 27
24 29
24 33
24 34
24 38
24 40
24 41
24 42
24 44
24 45
24 46
24 47
24 49
24 52
24 56
24 57
24 58
24 59
24 60
24 63
24 69
24 71
24 72
24 75
24 76
24 77
24 78
24 80
24 81
24 83
24 87
24 88
24 91
24 92
24 94
24 95
24 101
24 103
24 106
24 111
24 115
24 116
24 117
24 118
24 121
24 125
24 131
24 132
25 0
25 3
25 5
25 6
25 8
25 10
25 13
25 17
25 20
25 21
25 22
25 23
25 25
25 26
25 27
25 29
25 30
25 31
25 32
25 33
25 34
25 37
25 38
25 40
25 41
25 43
25 46
25 47
25 48
25 50
25 51
25 53
25 60
25 61
25 63
25 64
25 65
25 68
25 69
25 72
25 73
25 74
25 76
25 77
25 78
25 80
25 81
25 82
25 83
25 84
25 87
25 89
25 91
25 93
25 98
25 100
25 102
25 103
25 106
25 108
25 109
25 110
25 111
25 113
25 116
25 117
25 119
25 122
25 125
25 127
25 130
25 131
25 132
26 0
26 3
26 4
26 5
26 6
26 8
26 10
26 12
26 14
26 15
26 17
26 21
26 22
26 24
26 30
26 31
26 33
26 39
26 42
26 43
26 44
26 46
26 47
26 49
26 51
26 54
26 55
26 58
26 59
26 60
26 63
26 64
26 65
26 66
26 67
26 69
26 70
26 71
26 73
26 79
26 82
26 87
26 88
26 93
26 95
26 96
26 99
26 100
26 101
26 102
26 103
26 107
26 110
26 112
26 114
26 117
26 119
26 120
26 121
26 123
26 125
26 127
26 129
26 130
26 132
27 0
27 1
27 7
27 8
27 9
27 10
27 12
27 15
27 16
27 18
27 21
27 22
27 32
27 36
27 38
27 39
27 40
27 43
27 44
27 45
27 47
27 49
27 50
27 52
27 53
27 54
27 55
27 59
27 62
27 63
27 64
27 65
27 66
27 67
27 71
27 72
27 74
27 75
27 77
27 78
27 79
27 80
27 81
27 84
27 85
27 87
27 90
27 92
27 93
27 94
27 95
27 99
27 101
27 102
27 104
27 106
27 107
27 109
27 110
27 111
27 112
27 115
27 116
27 117
27 120
27 121
27 122
27 123
27 124
27 125
27 127
27 129
27 131
28 0
28 3
28 6
28 7
28 10
28 11
28 12
28 15
28 16
28 19
28 20
28 21
28 24
28 30
28 33
28 40
28 41
28 43
28 44
28 46
28 50
28 51
28 55
28 61
28 65
28 67
28 72
28 73
28 74
28 75
28 79
28 80
28 81
28 83
28 84
28 87
28 88
28 89
28 91
28 94
28 97
28 99
28 100
28 101
28 102
28 105
28 106
28 108
28 110
28 111
28 113
28 116
28 119
28 120
28 122
28 124
28 125
28 126
28 127
28 128
28 129
28 130
29 6
29 7
29 8
29 11
29 12
29 15
29 17
29 20
29 23
29 24
29 29
29 30
29 31
29 34
29 35
29 36
29 38
29 40
29 41
29 43
29 45
29 46
29 48
29 49
29 52
29 56
29 59
29 60
29 61
29 64
29 66
29 71
29 73
29 74
29 75
29 77
29 79
29 81
29 82
29 87
29 91
29 92
29 94
29 95
29 96
29 97
29 100
29 101
29 102
29 103
29 105
29 107
29 109
29 110
29 111
29 112
29 113
29 116
29 117
29 118
29 119
29 124
29 125
29 126
29 130
29 131
29 132
30 1
30 2
30 8
30 13
30 14
30 16
30 18
30 21
30 26
30 27
30 28
30 30
30 32
30 35
30 37
30 38
30 39
30 40
30 41
30 42
30 44
30 45
30 49
30 51
30 53
30 58
30 62
30 64
30 66
30 67
30 69
30 70
30 72
30 73
30 75
30 76
30 77
30 78
30 80
30 83
30 84
30 86
30 87
30 90
30 97
30 99
30 100
30 102
30 103
30 104
30 106
30 112
30 119
30 121
30 123
30 125
30 129
30 130
30 131
30 132
31 2
31 4
31 7
31 9
31 12
31 14
31 16
31 18
31 20
31 21
31 24
31 26
31 31
31 35
31 39
31 41
31 42
31 44
31 45
31 47
31 52
31 53
31 54
31 57
31 58
31 59
31 60
31 61
31 65
31 66
31 68
31 69
31 70
31 72
31 74
31 76
31 77
31 82
31 83
31 85
31 86
31 87
31 88
31 90
31 91
31 92
31 93
31 96
31 98
31 100
31 103
31 107
31 108
31 114
31 118
31 121
31 123
31 125
31 126
31 127
31 128
31 130
32 2
32 3
32 8
32 9
32 12
32 13
32 16
32 17
32 19
32 20
32 21
32 22
32 23
32 27
32 29
32 30
32 32
32 34
32 36
32 37
32 38
32 39
32 43
32 44
32 45
32 47
32 48
32 49
32 50
32 51
32 53
32 54
32 55
32 56
32 57
32 61
32 62
32 65
32 72
32 76
32 77
32 84
32 85
32 88
32 89
32 91
32 92
32 96
32 100
32 103
32 106
32 107
32 112
32 113
32 114
32 122
32 124
32 125
32 126
32 127
32 128
32 129
32 130
32 131
32 132
33 1
33 3
33 5
33 6
33 7
33 8
33 9
33 12
33 13
33 15
33 18
33 21
33 23
33 24
33 30
33 36
33 37
33 38
33 39
33 40
33 42
33 43
33 44
33 45
33 46
33 48
33 50
33 52
33 59
33 60
33 61
33 62
33 65
33 66
33 67
33 68
33 74
33 78
33 79
33 80
33 81
33 82
33 83
33 91
33 92
33 98
33 99
33 102
33 105
33 108
33 115
33 117
33 119
33 120
33 121
33 123
33 128
33 131
33 132
34 0
34 6
34 8
34 11
34 12
34 13
34 15
34 17
34 18
34 25
34 26
34 27
34 28
34 31
34 34
34 35
34 36
34 37
34 38
34 39
34 40
34 43
34 45
34 48
34 49
34 51
34 53
34 57
34 63
34 65
34 66
34 67
34 68
34 69
34 73
34 75
34 76
34 77
34 79
34 80
34 81
34 83
34 84
34 87
34 89
34 90
34 94
34 96
34 97
34 99
34 100
34 102
34 106
34 107
34 108
34 109
34 111
34 112
34 113
34 115
34 116
34 117
34 118
34 123
34 124
34 125
34 127
34 129
34 130
34 131
34 132
35 4
35 6
35 7
35 8
35 9
35 10
35 11
35 13
35 14
35 16
35 18
35 20
35 24
35 25
35 27
35 28
35 29
35 30
35 31
35 32
35 33
35 34
35 35
35 36
35 39
35 42
35 43
35 44
35 45
35 46
35 48
35 50
35 51
35 52
35 55
35 57
35 58
35 60
35 62
35 63
35 66
35 67
35 71
35 73
35 77
35 78
35 79
35 81
35 82
35 83
35 84
35 85
35 86
35 88
35 89
35 91
35 93
35 101
35 103
35 109
35 111
35 112
35 113
35 114
35 116
35 122
35 123
35 126
35 127
35 131
36 0
36 2
36 6
36 7
36 8
36 10
36 11
36 18
36 19
36 20
36 21
36 22
36 24
36 26
36 27
36 28
36 29
36 32
36 36
36 38
36 40
36 41
36 43
36 48
36 53
36 54
36 56
36 57
36 60
36 65
36 66
36 67
36 68
36 70
36 72
36 74
36 76
36 77
36 79
36 80
36 81
36 82
36 83
36 84
36 85
36 88
36 89
36 90
36 91
36 93
36 96
36 98
36 99
36 100
36 102
36 104
36 105
36 107
36 109
36 110
36 113
36 114
36 115
36 116
36 117
36 119
36 120
36 121
36 122
36 123
36 124
36 125
36 126
36 127
36 129
37 0
37 1
37 2
37 3
37 4
37 7
37 11
37 12
37 14
37 17
37 20
37 21
37 22
37 23
37 24
37 26
37 28
37 31
37 33
37 37
37 38
37 41
37 43
37 44
37 45
37 46
37 47
37 48
37 52
37 54
37 55
37 58
37 60
37 61
37 63
37 64
37 65
37 67
37 70
37 71
37 72
37 73
37 76
37 77
37 78
37 79
37 81
37 82
37 85
37 86
37 87
37 88
37 89
37 90
37 93
37 94
37 99
37 100
37 101
37 102
37 104
37 105
37 106
37 107
37 109
37 111
37 114
37 115
37 121
37 124
37 125
37 127
37 131
38 0
38 2
38 6
38 8
38 12
38 13
38 14
38 15
38 17
38 19
38 23
38 24
38 25
38 26
38 27
38 28
38 32
38 33
38 34
38 38
38 40
38 41
38 42
38 46
38 47
38 49
38 51
38 54
38 55
38 66
38 71
38 77
38 78
38 79
38 80
38 81
38 82
38 88
38 89
38 91
38 92
38 96
38 99
38 101
38 103
38 105
38 106
38 107
38 109
38 117
38 119
38 120
38 123
38 124
38 126
38 127
38 128
38 129
38 130
38 131
39 0
39 6
39 9
39 13
39 14
39 15
39 16
39 18
39 19
39 20
39 22
39 26
39 27
39 29
39 31
39 34
39 37
39 38
39 44
39 46
39 47
39 48
39 49
39 50
39 51
39 52
39 53
39 54
39 55
39 56
39 57
39 58
39 59
39 62
39 65
39 69
39 70
39 72
39 73
39 75
39 77
39 78
39 79
39 80
39 82
39 83
39 86
39 87
39 89
39 90
39 92
39 95
39 96
39 97
39 98
39 99
39 101
39 103
39 104
39 106
39 107
39 109
39 112
39 113
39 117
39 118
39 119
39 120
39 123
39 126
39 128
39 130
39 132
40 0
40 2
40 4
40 5
40 8
40 9
40 10
40 12
40 13
40 14
40 16
40 17
40 19
40 20
40 21
40 22
40 26
40 28
40 30
40 32
40 35
40 38
40 42
40 44
40 46
40 47
40 49
40 50
40 53
40 54
40 56
40 57
40 59
40 61
40 62
40 63
40 64
40 65
40 67
40 70
40 71
40 72
40 73
40 76
40 77
40 79
40 81
40 83
40 84
40 85
40 86
40 87
40 88
40 89
40 90
40 91
40 94
40 95
40 101
40 103
40 108
40 110
40 111
40 115
40 117
40 118
40 120
40 129
40 130
40 131
40 132
41 0
41 4
41 8
41 10
41 12
41 16
41 17
41 18
41 20
41 22
41 23
41 26
41 27
41 31
41 32
41 34
41 36
41 39
41 41
41 42
41 48
41 49
41 51
41 52
41 53
41 55
41 57
41 59
41 60
41 64
41 65
41 66
41 68
41 69
41 73
41 75
41 77
41 78
41 79
41 81
41 82
41 84
41 85
41 86
41 87
41 90
41 91
41 93
41 94
41 95
41 96
41 101
41 102
41 104
41 105
41 109
41 111
41 112
41 113
41 115
41 118
41 120
41 121
41 122
41 123
41 124
41 126
41 127
41 129
41 130
42 2
42 3
42 4
42 5
42 7
42 8
42 10
42 11
42 14
42 16
42 19
42 23
42 24
42 25
42 29
42 30
42 31
42 32
42 35
42 36
42 41
42 43
42 44
42 46
42 49
42 50
42 51
42 54
42 55
42 57
42 58
42 59
42 60
42 61
42 62
42 63
42 64
42 66
42 69
42 73
42 75
42 76
42 78
42 79
42 80
42 86
42 88
42 89
42 90
42 94
42 95
42 101
42 105
42 109
42 110
42 112
42 113
42 116
42 117
42 118
42 122
42 123
42 124
42 125
42 126
42 127
42 129
42 130
43 3
43 5
43 7
43 10
43 14
43 15
43 19
43 23
43 24
43 28
43 33
43 35
43 36
43 37
43 38
43 39
43 40
43 41
43 43
43 44
43 45
43 46
43 47
43 49
43 50
43 51
43 52
43 53
43 57
43 58
43 59
43 60
43 64
43 69
43 70
43 71
43 74
43 75
43 76
43 79
43 80
43 82
43 83
43 84
43 90
43 93
43 94
43 95
43 100
43 102
43 103
43 104
43 105
43 109
43 114
43 115
43 117
43 118
43 119
43 120
43 121
43 122
43 123
43 126
43 128
43 130
44 0
44 2
44 4
44 5
44 7
44 8
44 9
44 10
44 12
44 14
44 17
44 20
44 21
44 22
44 24
44 28
44 29
44 31
44 34
44 35
44 39
44 42
44 43
44 46
44 48
44 49
44 52
44 53
44 54
44 55
44 60
44 61
44 62
44 64
44 67
44 69
44 70
44 72
44 73
44 75
44 76
44 77
44 79
44 84
44 86
44 88
44 89
44 91
44 92
44 96
44 100
44 101
44 102
44 105
44 109
44 113
44 116
44 118
44 121
44 124
44 127
44 128
44 129
44 132
45 2
45 4
45 5
45 7
45 8
45 11
45 12
45 14
45 17
45 18
45 19
45 20
45 21
45 22
45 24
45 26
45 27
45 28
45 29
45 36
45 38
45 39
45 41
45 43
45 45
45 46
45 48
45 49
45 52
45 53
45 55
45 56
45 58
45 59
45 60
45 63
45 66
45 70
45 72
45 77
45 78
45 79
45 83
45 86
45 89
45 91
45 94
45 97
45 99
45 103
45 104
45 105
45 106
45 108
45 112
45 113
45 114
45 117
45 118
45 119
45 121
45 122
45 124
45 125
45 129
45 130
45 132
46 0
46 3
46 4
46 5
46 7
46 8
46 9
46 12
46 22
46 23
46 24
46 26
46 28
46 29
46 31
46 34
46 37
46 41
46 43
46 45
46 46
46 47
46 48
46 50
46 52
46 56
46 57
46 61
46 62
46 63
46 64
46 66
46 67
46 69
46 70
46 71
46 74
46 77
46 79
46 80
46 81
46 83
46 84
46 87
46 88
46 93
46 94
46 95
46 96
46 97
46 98
46 100
46 103
46 104
46 107
46 108
46 109
46 110
46 111
46 112
46 113
46 114
46 116
46 118
46 119
46 122
46 123
46 127
46 129
46 130
47 0
47 1
47 3
47 5
47 6
47 8
47 11
47 12
47 13
47 14
47 15
47 17
47 18
47 19
47 21
47 23
47 25
47 26
47 29
47 32
47 33
47 35
47 37
47 38
47 42
47 43
47 45
47 46
47 47
47 48
47 50
47 54
47 55
47 60
47 61
47 64
47 65
47 68
47 69
47 71
47 72
47 75
47 76
47 77
47 78
47 79
47 80
47 81
47 84
47 86
47 88
47 89
47 92
47 93
47 95
47 97
47 98
47 104
47 105
47 109
47 110
47 111
47 112
47 113
47 114
47 115
47 116
47 118
47 119
47 121
47 123
47 124
47 126
47 129
47 132
48 4
48 6
48 7
48 9
48 10
48 11
48 17
48 19
48 21
48 25
48 26
48 27
48 28
48 33
48 36
48 37
48 38
48 40
48 41
48 42
48 44
48 45
48 49
48 54
48 55
48 58
48 60
48 61
48 62
48 63
48 64
48 67
48 68
48 69
48 71
48 73
48 74
48 77
48 78
48 80
48 81
48 82
48 87
48 88
48 89
48 90
48 91
48 92
48 93
48 94
48 95
48 96
48 97
48 98
48 100
48 101
48 103
48 104
48 105
48 107
48 108
48 109
48 111
48 112
48 114
48 115
48 118
48 119
48 120
48 122
48 124
48 126
48 131
48 132
49 1
49 2
49 3
49 4
49 7
49 8
49 11
49 16
49 18
49 19
49 20
49 22
49 23
49 26
49 27
49 29
49 33
49 34
49 35
49 37
49 38
49 39
49 42
49 44
49 46
49 48
49 49
49 50
49 51
49 55
49 56
49 57
49 58
49 59
49 61
49 62
49 65
49 67
49 69
49 71
49 74
49 75
49 76
49 77
49 80
49 81
49 82
49 83
49 84
49 87
49 88
49 90
49 91
49 93
49 95
49 96
49 98
49 99
49 102
49 105
49 106
49 107
49 111
49 113
49 114
49 115
49 118
49 120
49 122
49 123
49 125
49 128
49 129
50 0
50 1
50 3
50 7
50 9
50 10
50 16
50 17
50 18
50 19
50 26
50 28
50 30
50 32
50 36
50 37
50 39
50 40
50 41
50 42
50 43
50 44
50 46
50 47
50 49
50 50
50 51
50 52
50 53
50 58
50 59
50 60
50 62
50 64
50 66
50 69
50 72
50 73
50 74
50 75
50 78
50 81
50 85
50 88
50 89
50 90
50 91
50 92
50 96
50 97
50 99
50 103
50 104
50 105
50 107
50 109
50 110
50 115
50 116
50 118
50 121
50 123
50 125
50 126
50 127
50 128
50 129
50 132
51 0
51 1
51 2
51 3
51 6
51 7
51 10
51 11
51 13
51 15
51 17
51 20
51 21
51 22
51 24
51 25
51 28
51 30
51 32
51 33
51 34
51 42
51 47
51 50
51 56
51 58
51 59
51 60
51 62
51 63
51 66
51 68
51 74
51 77
51 81
51 83
51 84
51 85
51 86
51 88
51 89
51 90
51 94
51 95
51 96
51 98
51 99
51 101
51 104
51 105
51 106
51 111
51 113
51 115
51 116
51 120
51 123
51 125
51 130
51 132
52 1
52 4
52 5
52 8
52 10
52 11
52 13
52 14
52 16
52 19
52 20
52 22
52 23
52 24
52 26
52 28
52 29
52 32
52 33
52 35
52 37
52 43
52 44
52 48
52 50
52 54
52 55
52 57
52 58
52 61
52 64
52 70
52 71
52 77
52 78
52 79
52 81
52 85
52 88
52 89
52 90
52 92
52 93
52 95
52 96
52 103
52 109
52 110
52 114
52 116
52 119
52 125
52 126
52 128
53 0
53 1
53 5
53 6
53 7
53 9
53 12
53 13
53 16
53 18
53 19
53 20
53 22
53 23
53 24
53 27
53 30
53 31
53 33
53 34
53 36
53 37
53 38
53 39
53 40
53 42
53 43
53 44
53 47
53 48
53 52
53 54
53 56
53 58
53 60
53 61
53 62
53 64
53 67
53 68
53 69
53 73
53 74
53 75
53 76
53 77
53 79
53 80
53 81
53 82
53 86
53 88
53 89
53 90
53 91
53 92
53 93
53 94
53 95
53 96
53 98
53 99
53 101
53 103
53 109
53 110
53 118
53 119
53 121
53 123
53 126
53 127
53 128
53 130
53 132
54 0
54 1
54 4
54 5
54 7
54 8
54 9
54 10
54 11
54 12
54 15
54 17
54 19
54 20
54 21
54 22
54 26
54 27
54 29
54 31
54 33
54 35
54 36
54 37
54 38
54 39
54 40
54 41
54 43
54 44
54 49
54 51
54 53
54 55
54 57
54 59
54 60
54 61
54 63
54 65
54 66
54 67
54 68
54 69
54 71
54 72
54 76
54 78
54 80
54 81
54 82
54 83
54 84
54 87
54 89
54 92
54 94
54 97
54 98
54 99
54 100
54 101
54 102
54 105
54 107
54 108
54 109
54 112
54 113
54 114
54 115
54 116
54 117
54 118
54 120
54 123
54 127
54 128
54 130
54 131
55 1
55 2
55 3
55 7
55 9
55 10
55 11
55 12
55 13
55 14
55 15
55 17
55 20
55 22
55 27
55 28
55 30
55 33
55 34
55 35
55 37
55 38
55 40
55 41
55 42
55 44
55 45
55 47
55 51
55 52
55 54
55 56
55 57
55 60
55 66
55 68
55 69
55 72
55 73
55 75
55 77
55 78
55 79
55 80
55 83
55 86
55 88
55 89
55 90
55 91
55 92
55 97
55 98
55 100
55 103
55 104
55 106
55 107
55 108
55 113
55 117
55 119
55 120
55 123
55 124
55 127
55 129
55 130
55 131
55 132
56 1
56 2
56 5
56 6
56 7
56 10
56 12
56 13
56 14
56 18
56 19
56 21
56 25
56 26
56 27
56 29
56 33
56 35
56 38
56 39
56 42
56 44
56 45
56 48
56 49
56 53
56 55
56 57
56 59
56 62
56 65
56 66
56 67
56 72
56 74
56 75
56 76
56 77
56 78
56 79
56 81
56 82
56 83
56 86
56 88
56 90
56 91
56 92
56 95
56 97
56 100
56 101
56 104
56 107
56 109
56 110
56 111
56 113
56 117
56 118
56 123
56 127
56 129
56 130
56 131
57 0
57 1
57 2
57 4
57 6
57 7
57 9
57 10
57 12
57 16
57 17
57 20
57 22
57 25
57 29
57 30
57 32
57 35
57 36
57 37
57 38
57 41
57 42
57 43
57 45
57 47
57 48
57 49
57 50
57 52
57 53
57 56
57 58
57 59
57 61
57 62
57 68
57 69
57 71
57 72
57 73
57 74
57 76
57 82
57 83
57 84
57 86
57 90
57 91
57 92
57 94
57 95
57 97
57 98
57 99
57 100
57 103
57 106
57 107
57 108
57 109
57 111
57 118
57 119
57 120
57 121
57 123
57 124
57 127
57 128
57 129
57 130
58 1
58 2
58 3
58 5
58 6
58 7
58 10
58 11
58 13
58 15
58 17
58 18
58 19
58 20
58 22
58 23
58 27
58 31
58 32
58 34
58 35
58 36
58 38
58 41
58 42
58 45
58 46
58 47
58 48
58 49
58 51
58 52
58 53
58 56
58 59
58 60
58 61
58 62
58 63
58 64
58 65
58 66
58 74
58 75
58 79
58 80
58 81
58 82
58 83
58 84
58 85
58 88
58 92
58 94
58 95
58 96
58 98
58 101
58 102
58 103
58 104
58 107
58 109
58 110
58 125
58 126
58 127
58 128
58 130
58 131
59 0
59 3
59 4
59 5
59 7
59 10
59 11
59 13
59 17
59 18
59 19
59 21
59 25
59 26
59 28
59 31
59 32
59 36
59 37
59 41
59 44
59 52
59 54
59 57
59 58
59 60
59 64
59 65
59 66
59 67
59 69
59 70
59 72
59 73
59 75
59 76
59 88
59 89
59 91
59 93
59 94
59 96
59 97
59 98
59 99
59 100
59 101
59 103
59 106
59 107
59 108
59 109
59 110
59 111
59 113
59 114
59 117
59 119
59 121
59 122
59 124
59 126
59 127
59 128
59 129
59 131
60 0
60 3
60 6
60 10
60 11
60 12
60 16
60 18
60 20
60 21
60 24
60 26
60 28
60 30
60 33
60 37
60 39
60 41
60 42
60 43
60 44
60 47
60 50
60 52
60 54
60 55
60 57
60 59
60 60
60 64
60 69
60 70
60 72
60 75
60 76
60 77
60 79
60 83
60 84
60 85
60 86
60 89
60 93
60 95
60 96
60 97
60 98
60 100
60 103
60 104
60 105
60 106
60 107
60 110
60 112
60 113
60 116
60 119
60 120
60 122
60 127
60 132
61 1
61 2
61 3
61 5
61 7
61 8
61 9
61 11
61 14
61 15
61 17
61 23
61 25
61 27
61 30
61 31
61 32
61 33
61 37
61 40
61 42
61 44
61 46
61 48
61 49
61 53
61 57
61 58
61 59
61 61
61 64
61 66
61 68
61 69
61 71
61 76
61 79
61 81
61 83
61 84
61 87
61 88
61 89
61 91
61 92
61 93
61 94
61 96
61 97
61 103
61 105
61 108
61 109
61 110
61 112
61 113
61 116
61 118
61 119
61 120
61 123
61 124
61 126
61 129
61 130
61 131
62 0
62 1
62 2
62 3
62 6
62 8
62 9
62 11
62 12
62 14
62 15
62 16
62 17
62 20
62 21
62 22
62 23
62 24
62 25
62 31
62 32
62 35
62 37
62 39
62 43
62 45
62 47
62 48
62 49
62 50
62 52
62 57
62 59
62 61
62 62
62 63
62 64
62 69
62 70
62 71
62 72
62 73
62 74
62 75
62 76
62 78
62 82
62 84
62 87
62 88
62 89
62 92
62 94
62 95
62 96
62 97
62 99
62 101
62 104
62 106
62 107
62 111
62 113
62 114
62 115
62 118
62 119
62 120
62 121
62 122
62 125
62 127
62 129
62 131
62 132
63 0
