1000
40.73202896118164
-73.99017333984375
40.67999267578125
-73.95980834960938
40.73758316040039
-73.98616027832031
40.77190017700195
-73.9864273071289
40.761474609375
-73.96150970458984
40.74979782104492
-73.98051452636719
40.74155044555664
-73.95207214355469
40.7015266418457
-73.98648071289062
40.73051071166992
-73.87561798095703
40.74876022338867
-73.97930908203125
40.67843246459961
-73.96659088134766
40.75690841674805
-73.97469329833984
40.76729202270508
-73.93685913085938
40.73491668701172
-73.97589874267578
40.74816131591797
-73.9508285522461
40.76228332519531
-73.9347915649414
40.74068069458008
-73.96881103515625
40.72498321533203
-73.98181915283203
40.7683219909668
-73.94855499267578
40.794090270996094
-73.9207763671875
40.7258186340332
-73.9871597290039
40.7580680847168
-73.97752380371094
40.762001037597656
-73.96614837646484
40.71406936645508
-73.98068237304688
40.742759704589844
-73.95600128173828
40.77397918701172
-73.96244049072266
40.762855529785156
-73.95230102539062
40.75954818725586
-73.9732666015625
40.76551055908203
-73.93871307373047
40.74735641479492
-73.97837829589844
40.75539016723633
-73.99099731445312
40.72550964355469
-73.90653228759766
40.73310089111328
-73.99604797363281
40.767799377441406
-73.953369140625
40.70420837402344
-73.98807525634766
40.758583068847656
-74.00532531738281
40.732418060302734
-74.01294708251953
40.763675689697266
-73.96516418457031
40.74808120727539
-73.98783874511719
40.73424530029297
-73.96554565429688
40.75649642944336
-73.9913101196289
40.71913528442383
-73.95381927490234
40.75737762451172
-73.97261810302734
40.76240158081055
-73.9969711303711
40.74549865722656
-73.98223114013672
40.74809646606445
-73.99665069580078
40.756351470947266
-73.97830963134766
40.74637985229492
-73.99201965332031
40.779598236083984
-73.9488754272461
40.74420166015625
-73.98951721191406
40.7413444519043
-73.97711181640625
40.74203109741211
-73.97236633300781
40.72159957885742
-74.004150390625
40.74536895751953
-73.94682312011719
40.72172927856445
-73.99945831298828
40.64191818237305
-73.97154998779297
40.77096939086914
-73.99108123779297
40.64168930053711
-73.7009506225586
40.732059478759766
-73.98360443115234
40.75054168701172
-73.97592163085938
40.71818161010742
-74.00868225097656
40.752193450927734
-73.99323272705078
40.723270416259766
-73.95610809326172
40.72946548461914
-73.95775604248047
40.75355911254883
-73.94286346435547
40.641517639160156
-73.96698760986328
40.74202346801758
-73.94268035888672
40.75533676147461
-73.96051025390625
40.74607849121094
-73.99227905273438
40.74083709716797
-73.99647521972656
40.758296966552734
-73.98078155517578
40.73799133300781
-73.99107360839844
40.75385665893555
-73.98609161376953
40.75230407714844
-73.9994888305664
40.74366760253906
-74.0048828125
40.719146728515625
-73.8953857421875
40.74205780029297
-73.97434997558594
40.703155517578125
-73.99617767333984
40.727256774902344
-73.98067474365234
40.75327682495117
-73.90762329101562
40.75063705444336
-73.9885482788086
40.75766372680664
-73.99261474609375
40.73992156982422
-73.97235870361328
40.73752212524414
-73.98770141601562
40.73139953613281
-73.99171447753906
40.75263977050781
-73.95299530029297
40.76908874511719
-73.9526596069336
40.72182846069336
-73.94564819335938
40.75826644897461
-74.00592803955078
40.720428466796875
-73.9900894165039
40.76176834106445
-73.99364471435547
40.76350021362305
-73.97537231445312
40.77535629272461
-73.94035339355469
40.72528839111328
-73.91278076171875
40.72664260864258
-73.95589447021484
40.749755859375
-73.94756317138672
40.7519645690918
-73.98589324951172
40.71912384033203
-73.99029541015625
40.72740173339844
-73.99996948242188
40.75575637817383
-73.94768524169922
40.76400375366211
-73.95515441894531
40.804439544677734
-73.94994354248047
40.743473052978516
-73.994873046875
40.74279022216797
-73.97633361816406
40.754642486572266
-73.94454956054688
40.74235153198242
-73.97120666503906
40.7415771484375
-73.97261810302734
40.76158905029297
-73.98739624023438
40.704986572265625
-73.94454193115234
40.784847259521484
-73.96353912353516
40.75371170043945
-73.95298767089844
40.751583099365234
-73.95585632324219
40.77164840698242
-73.98077392578125
40.721431732177734
-73.98921203613281
40.773799896240234
-73.94586181640625
40.741371154785156
-73.95980072021484
40.74714660644531
-73.97766876220703
40.7524299621582
-73.9613037109375
40.77946853637695
-73.96390533447266
40.73637390136719
-73.99498748779297
40.72593307495117
-73.9859848022461
40.75619125366211
-73.93609619140625
40.750431060791016
-73.96385955810547
40.74456024169922
-73.95499420166016
40.72305679321289
-73.9779281616211
40.74089813232422
-73.9564208984375
40.733001708984375
-73.97686767578125
40.770751953125
-73.95999145507812
40.75550842285156
-73.9727554321289
40.77373123168945
-73.97482299804688
40.761966705322266
-73.97467041015625
40.738712310791016
-73.9767837524414
40.77798080444336
-73.9429931640625
40.759525299072266
-73.92208862304688
40.74388122558594
-74.00434875488281
40.723087310791016
-73.95407104492188
40.76173400878906
-73.98119354248047
40.75183868408203
-73.98843383789062
40.809051513671875
-73.98081970214844
40.73246383666992
-73.9974594116211
40.74342727661133
-73.97654724121094
40.79799270629883
-73.94833374023438
40.72126388549805
-73.99127197265625
40.773441314697266
-73.96581268310547
40.74238204956055
-73.94896697998047
40.707332611083984
-73.99156951904297
40.76519012451172
-73.94994354248047
40.760528564453125
-73.99021911621094
40.74587631225586
-73.92161560058594
40.76473617553711
-73.97964477539062
40.768531799316406
-73.95023345947266
40.72325134277344
-73.94853973388672
40.71369171142578
-73.9909896850586
40.73408508300781
-73.97454071044922
40.764888763427734
-73.9789810180664
40.76152801513672
-73.98839569091797
40.750431060791016
-73.96338653564453
40.731563568115234
-73.94300842285156
40.76512145996094
-73.98922729492188
40.75103759765625
-73.98213958740234
40.7445182800293
-73.92253875732422
40.75794219970703
-73.96788787841797
40.757694244384766
-73.99178314208984
40.78208923339844
-73.98107147216797
40.704734802246094
-73.98042297363281
40.72013473510742
-73.99722290039062
40.754356384277344
-73.99383544921875
40.73975372314453
-73.92710876464844
40.76079177856445
-73.94972229003906
40.765567779541016
-73.97904205322266
40.72083282470703
-73.97327423095703
40.72697830200195
-74.00221252441406
40.77415084838867
-73.97454071044922
40.743961334228516
-73.97818756103516
40.727420806884766
-74.00267791748047
40.64748764038086
-73.73261260986328
40.71614074707031
-74.01017761230469
40.76585006713867
-73.96231079101562
40.74040985107422
-73.99485778808594
40.7585334777832
-73.92948150634766
40.76140594482422
-73.83649444580078
40.718658447265625
-73.98453521728516
40.76321029663086
-73.94515228271484
40.74570083618164
-74.01068878173828
40.78805923461914
-73.9820327758789
40.73455047607422
-73.99552917480469
40.749610900878906
-73.98664093017578
40.76383972167969
-73.99002075195312
40.77328109741211
-73.97315979003906
40.764610290527344
-73.9471206665039
40.736541748046875
-73.9672622680664
40.73147964477539
-73.98932647705078
40.73217010498047
-73.89637756347656
40.71345138549805
-74.00547790527344
40.78213119506836
-74.01464080810547
40.72050094604492
-74.00524139404297
40.765193939208984
-73.9732894897461
40.71357727050781
-73.97237396240234
40.752105712890625
-73.9665298461914
40.761505126953125
-74.00394439697266
40.71696090698242
-73.97357940673828
40.74401092529297
-73.95349884033203
40.74064254760742
-73.9645004272461
40.75608444213867
-73.98360443115234
40.75166702270508
-73.9762191772461
40.64363479614258
-73.9523696899414
40.77405548095703
-73.95500946044922
40.736942291259766
-73.96224212646484
40.644683837890625
-73.79906463623047
40.76559829711914
-73.96150970458984
40.732547760009766
-73.98226928710938
40.723876953125
-74.00560760498047
40.74306869506836
-73.99857330322266
40.77370834350586
-73.79581451416016
40.77949523925781
-73.94210052490234
40.73503112792969
-74.01075744628906
40.76589584350586
-73.946044921875
40.75893783569336
-73.98226165771484
40.77107620239258
-73.97124481201172
40.77517318725586
-73.95694732666016
40.779449462890625
-73.89246368408203
40.763999938964844
-73.94808197021484
40.726985931396484
-73.99105834960938
40.71477127075195
-73.98722076416016
40.75162124633789
-73.98771667480469
40.739933013916016
-73.97927856445312
40.74991226196289
-73.9743423461914
40.75217819213867
-73.98455810546875
40.730228424072266
-73.99919128417969
40.72019958496094
-73.98172760009766
40.74460220336914
-73.99813842773438
40.74791717529297
-73.98429107666016
40.744300842285156
-73.9856185913086
40.7580680847168
-73.99440002441406
40.742523193359375
-73.97412109375
40.762935638427734
-74.0029296875
40.74540710449219
-73.95207977294922
40.713645935058594
-73.968505859375
40.77753829956055
-73.96366882324219
40.737239837646484
-73.98047637939453
40.75417709350586
-73.99468231201172
40.75352096557617
-73.97911834716797
40.73506164550781
-73.99884796142578
40.719234466552734
-73.99182891845703
40.699161529541016
-74.01200866699219
40.711830139160156
-73.92352294921875
40.7572021484375
-73.98904418945312
40.7511100769043
-73.97221374511719
40.70315170288086
-74.00286102294922
40.75248718261719
-73.97438049316406
40.759788513183594
-73.97779083251953
40.72039031982422
-73.9737319946289
40.79072952270508
-73.99459838867188
40.71901321411133
-73.98095703125
40.77409744262695
-73.95608520507812
40.70140838623047
-73.98906707763672
40.75614929199219
-73.9853744506836
40.74864959716797
-73.99977111816406
40.729888916015625
-73.98402404785156
40.75349044799805
-73.97647094726562
40.745975494384766
-73.96814727783203
40.74883270263672
-73.99832153320312
40.76051330566406
-73.9881820678711
40.79343032836914
-73.95511627197266
40.702484130859375
-74.00054931640625
40.7425651550293
-73.98887634277344
40.780189514160156
-73.94947814941406
40.74945068359375
-74.00577545166016
40.715396881103516
-73.9983139038086
40.70234680175781
-73.95217895507812
40.77242660522461
-73.98468780517578
40.75080871582031
-73.98739624023438
40.71698760986328
-73.94303131103516
40.748992919921875
-73.99449920654297
40.761226654052734
-73.98986053466797
40.7517204284668
-73.9788818359375
40.73004913330078
-73.99465942382812
40.760948181152344
-73.97213745117188
40.75914001464844
-73.9926528930664
40.723114013671875
-73.94956970214844
40.724910736083984
-74.00511932373047
40.761619567871094
-73.97268676757812
40.73191833496094
-73.98487854003906
40.77151107788086
-73.96881103515625
40.738739013671875
-73.9539794921875
40.76543045043945
-73.97660827636719
40.771427154541016
-73.9162826538086
40.77070236206055
-73.90662384033203
40.7480354309082
-73.98583984375
40.73006057739258
-74.00298309326172
40.768558502197266
-73.99089813232422
40.75926971435547
-73.9765853881836
40.75851821899414
-73.98001098632812
40.76551055908203
-73.99137878417969
40.76673889160156
-73.9825439453125
40.74510192871094
-73.95745086669922
40.763755798339844
-73.94693756103516
40.715911865234375
-73.96851348876953
40.79644012451172
-73.96176147460938
40.735939025878906
-73.97583770751953
40.76599884033203
-73.97998046875
40.7222900390625
-73.97537231445312
40.739986419677734
-73.99715423583984
40.759090423583984
-74.00633239746094
40.768760681152344
-73.977783203125
40.682350158691406
-73.97254180908203
40.75340270996094
-73.99246978759766
40.71141052246094
-74.00250244140625
40.75261688232422
-73.9884033203125
40.74937057495117
-73.91265869140625
40.73419189453125
-74.0094985961914
40.73570251464844
-73.95730590820312
40.75074005126953
-73.96761322021484
40.71200180053711
-74.00878143310547
40.75115966796875
-73.98265838623047
40.738868713378906
-73.9588623046875
40.76160430908203
-73.98345947265625
40.75010681152344
-73.98112487792969
40.75020980834961
-74.01444244384766
40.746978759765625
-73.97499084472656
40.754608154296875
-73.99524688720703
40.73088073730469
-73.96051788330078
40.75551986694336
-73.9498062133789
40.729820251464844
-73.98031616210938
40.72090148925781
-73.98579406738281
40.68848419189453
-73.96476745605469
40.741783142089844
-73.97731018066406
40.74412155151367
-73.98245239257812
40.74768829345703
-73.98724365234375
40.72709274291992
-73.9771499633789
40.7423095703125
-73.99185180664062
40.729801177978516
-74.00755310058594
40.72603988647461
-73.99008178710938
40.746891021728516
-73.9896469116211
40.726661682128906
-73.9805908203125
40.732643127441406
-73.97908020019531
40.781497955322266
-73.94746398925781
40.72175979614258
-73.99131774902344
40.799903869628906
-73.94640350341797
40.71287155151367
-73.98590850830078
40.769309997558594
-73.9864501953125
40.745689392089844
-74.00458526611328
40.72184371948242
-73.9447250366211
40.76588439941406
-73.96246337890625
40.761688232421875
-73.98921203613281
40.7154655456543
-74.00971984863281
40.72239303588867
-73.9921875
40.749908447265625
-74.00858306884766
40.765411376953125
-73.96823120117188
40.76284408569336
-73.95458984375
40.7341423034668
-73.96835327148438
40.76993179321289
-73.9489974975586
40.72098159790039
-73.98299407958984
40.734153747558594
-73.9880599975586
40.76923370361328
-73.90882873535156
40.76961898803711
-73.90879821777344
40.72537612915039
-73.9749526977539
40.75072479248047
-74.00381469726562
40.67901611328125
-73.9945297241211
40.75603103637695
-73.99935150146484
40.77627182006836
-73.96041107177734
40.7397575378418
-73.99468994140625
40.76396942138672
-73.96151733398438
40.77134704589844
-73.94840240478516
40.76903533935547
-73.94234466552734
40.75556564331055
-73.94002532958984
40.76066970825195
-73.9664077758789
40.70357131958008
-73.97914123535156
40.75645065307617
-74.00737762451172
40.77066421508789
-73.86531066894531
40.7215461730957
-74.00598907470703
40.71939468383789
-73.99205780029297
40.72063446044922
-73.98860931396484
40.64126968383789
-73.99524688720703
40.718048095703125
-73.97665405273438
40.762184143066406
-73.9684066772461
40.73562240600586
-74.0147705078125
40.77549743652344
-73.98956298828125
40.76986312866211
-73.96488189697266
40.763797760009766
-73.96954345703125
40.779754638671875
-73.93437194824219
40.78444290161133
-73.9798812866211
40.742088317871094
-74.02427673339844
40.73139572143555
-74.00257873535156
40.756134033203125
-73.99212646484375
40.76036071777344
-73.97183990478516
40.71205139160156
-74.00640869140625
40.75850296020508
-73.98178100585938
40.76416015625
-73.98751068115234
40.721641540527344
-73.96615600585938
40.759071350097656
-74.00821685791016
40.77157974243164
-73.9857177734375
40.763648986816406
-73.9775390625
40.74796676635742
-73.96842193603516
40.773826599121094
-73.98345184326172
40.750362396240234
-73.99769592285156
40.70774459838867
-73.99334716796875
40.74519729614258
-73.98135375976562
40.72071075439453
-74.00238037109375
40.75982666015625
-73.94926452636719
40.76399612426758
-74.001953125
40.72825622558594
-73.977294921875
40.73711013793945
-73.93240356445312
40.75382995605469
-73.9729995727539
40.720184326171875
-74.00151062011719
40.76976013183594
-73.96117401123047
40.759300231933594
-73.97378540039062
40.76240921020508
-73.96768188476562
40.7358512878418
-73.94979095458984
40.75720977783203
-73.9934310913086
40.71706008911133
-73.99523162841797
40.75969696044922
-73.98754119873047
40.67752456665039
-73.95545959472656
40.774723052978516
-73.9445571899414
40.712398529052734
-73.99495697021484
40.72669982910156
-73.98529815673828
40.75490951538086
-73.97566986083984
40.71611022949219
-73.97440338134766
40.757568359375
-73.94302368164062
40.715415954589844
-74.0090103149414
40.773250579833984
-73.98049926757812
40.66676330566406
-73.93316650390625
40.76194381713867
-73.9771499633789
40.78277587890625
-73.97228240966797
40.769065856933594
-73.94068145751953
40.769798278808594
-73.96869659423828
40.70602798461914
-73.90458679199219
40.711761474609375
-73.96334838867188
40.71113967895508
-74.01602935791016
40.77370071411133
-73.98631286621094
40.736045837402344
-73.972412109375
40.762908935546875
-73.99457550048828
40.717445373535156
-73.9483413696289
40.76988983154297
-73.75154113769531
40.73341369628906
-73.97772979736328
40.72697830200195
-73.98712921142578
40.75503158569336
-73.98477172851562
40.78257751464844
-73.95741271972656
40.72952651977539
-74.01032257080078
40.77128982543945
-73.96273040771484
40.70368957519531
-73.98435974121094
40.64744567871094
-73.9789810180664
40.74702072143555
-73.95573425292969
40.75613021850586
-73.99305725097656
40.704254150390625
-73.99742126464844
40.72236251831055
-73.97600555419922
40.72882080078125
-73.98253631591797
40.79096603393555
-73.98810577392578
40.744178771972656
-73.98530578613281
40.75718688964844
-73.98466491699219
40.76287841796875
-73.99478912353516
40.76521682739258
-73.97466278076172
40.757896423339844
-73.99274444580078
40.75474166870117
-73.9639892578125
40.72544479370117
-73.97677612304688
40.76496124267578
-73.98179626464844
40.761573791503906
-73.85396575927734
40.71633529663086
-74.01078033447266
40.72705841064453
-73.9931411743164
40.73358154296875
-73.99381256103516
40.76205062866211
-73.98648071289062
40.752750396728516
-73.98077392578125
40.75413513183594
-73.91329956054688
40.71143341064453
-73.9597396850586
40.768672943115234
-73.78501892089844
40.719871520996094
-73.99015808105469
40.74994659423828
-73.99099731445312
40.718318939208984
-73.98497772216797
40.762168884277344
-73.94052124023438
40.72819137573242
-73.98851776123047
40.75762939453125
-73.95841217041016
40.73140335083008
-73.9896240234375
40.74693298339844
-73.99070739746094
40.716468811035156
-73.93572235107422
40.73638153076172
-73.9935531616211
40.755279541015625
-73.97030639648438
40.74378967285156
-73.98233032226562
40.741878509521484
-73.84391784667969
40.75830841064453
-73.96157836914062
40.73488998413086
-73.97798156738281
40.75138854980469
-73.98383331298828
40.75754928588867
-73.98197174072266
40.708553314208984
-74.00740051269531
40.74027633666992
-74.0011978149414
40.72235870361328
-73.97966766357422
40.74177551269531
-73.98332977294922
40.74905014038086
-74.01258087158203
40.71634292602539
-73.98934173583984
40.72099685668945
-73.95489501953125
40.7307243347168
-73.98097229003906
40.777828216552734
-73.98043823242188
40.73442840576172
-74.0032730102539
40.70534133911133
-74.00025177001953
40.75043869018555
-73.97786712646484
40.760711669921875
-73.96745300292969
40.770809173583984
-73.9649429321289
40.73242950439453
-73.99475860595703
40.76042938232422
-73.86721801757812
40.758506774902344
-74.00068664550781
40.7817268371582
-73.98567962646484
40.7411994934082
-74.0053482055664
40.70853042602539
-73.96768951416016
40.712974548339844
-74.00474548339844
40.751461029052734
-73.9563217163086
40.729766845703125
-73.97184753417969
40.71862030029297
-73.9898910522461
40.79686737060547
-73.94609832763672
40.75334167480469
-73.95868682861328
40.762847900390625
-73.98717498779297
40.78695297241211
-73.97445678710938
40.7390251159668
-73.92633056640625
40.742919921875
-73.99456024169922
40.77763748168945
-73.98818969726562
40.72220993041992
-73.99108123779297
40.773345947265625
-73.96670532226562
40.759944915771484
-74.00270080566406
40.767032623291016
-73.9449234008789
40.78004837036133
-73.94364166259766
40.723350524902344
-73.98194885253906
40.76563262939453
-74.00849151611328
40.74503707885742
-74.00670623779297
40.769752502441406
-73.98406219482422
40.71126937866211
-74.00431060791016
40.72671890258789
-73.98881530761719
40.72913360595703
-73.95155334472656
40.75313186645508
-74.00460815429688
40.76079177856445
-73.97994232177734
40.75943374633789
-73.99051666259766
40.71522521972656
-74.01717376708984
40.75505065917969
-73.95731353759766
40.76742935180664
-73.9886474609375
40.76394271850586
-73.99164581298828
40.73300552368164
-74.00475311279297
40.72254180908203
-74.01444244384766
40.72098159790039
-74.00031280517578
40.72467041015625
-73.97476196289062
40.7430305480957
-73.98625946044922
40.730491638183594
-74.0157241821289
40.75442123413086
-74.00346374511719
40.77980422973633
-73.97516632080078
40.754539489746094
-73.9554443359375
40.80759048461914
-73.93936920166016
40.735111236572266
-73.98505401611328
40.73832702636719
-73.96394348144531
40.80357360839844
-73.99027252197266
40.75274658203125
-73.91224670410156
40.77791976928711
-73.97576141357422
40.70305252075195
-73.97086334228516
40.77180099487305
-73.9356918334961
40.73387145996094
-73.98477935791016
40.71139907836914
-74.0389404296875
40.732967376708984
-73.99846649169922
40.743804931640625
-73.9869384765625
40.746028900146484
-73.9796371459961
40.74522018432617
-73.98930358886719
40.75014877319336
-73.97781372070312
40.74991226196289
-73.98612976074219
40.74056625366211
-73.98848724365234
40.75918960571289
-73.94754791259766
40.7398796081543
-74.0033187866211
40.74184036254883
-73.97691345214844
40.64862823486328
-73.988037109375
40.74108123779297
-73.98538208007812
40.778568267822266
-73.94999694824219
40.73335266113281
-73.91844940185547
40.7501106262207
-73.97958374023438
40.76652145385742
-73.98027038574219
40.7634391784668
-73.96037292480469
40.742347717285156
-73.98925018310547
40.723968505859375
-74.0011215209961
40.808990478515625
-73.93756866455078
40.64466857910156
-73.977783203125
40.801151275634766
-73.93934631347656
40.759361267089844
-73.97985076904297
40.74144744873047
-73.97347259521484
40.748409271240234
-73.99405670166016
40.75019073486328
-73.9651870727539
40.755401611328125
-73.95503234863281
40.75430679321289
-73.98394775390625
40.755104064941406
-73.982421875
40.75178146362305
-73.98650360107422
40.75645065307617
-74.00079345703125
40.75863265991211
-73.97709655761719
40.77404022216797
-73.9346694946289
40.74395751953125
-73.9791030883789
40.76118850708008
-73.974365234375
40.7888298034668
-73.98384857177734
40.64693069458008
-73.96037292480469
40.7479362487793
-73.95426940917969
40.77157974243164
-73.98480987548828
40.76860427856445
-73.96324157714844
40.724117279052734
-74.0097427368164
40.77675247192383
-73.99176788330078
40.7851676940918
-73.99303436279297
40.752349853515625
-73.97664642333984
40.768001556396484
-73.95823669433594
40.729488372802734
-74.00186920166016
40.770164489746094
-73.95185089111328
40.73680877685547
-73.98753356933594
40.72512435913086
-73.93666076660156
40.75529098510742
-73.97078704833984
40.76900100708008
-73.9740219116211
40.78641128540039
-73.93904876708984
40.768829345703125
-73.95906829833984
40.70491027832031
-73.97559356689453
40.705055236816406
-74.00301361083984
40.715938568115234
-73.98458862304688
40.76837921142578
-73.96219635009766
40.738990783691406
-73.98430633544922
40.76417541503906
-73.97228240966797
40.77392578125
-73.8800277709961
40.7191276550293
-73.93910217285156
40.76615905761719
-73.96027374267578
40.73905563354492
-73.9907455444336
40.738956451416016
-73.98754119873047
40.746070861816406
-73.92340087890625
40.77817916870117
-73.98596954345703
40.75074005126953
-73.98342895507812
40.72306442260742
-73.9787826538086
40.73687744140625
-73.98389434814453
40.74127960205078
-73.94822692871094
40.76108169555664
-73.98129272460938
40.75706100463867
-73.98836517333984
40.776248931884766
-73.9542236328125
40.75336837768555
-73.96748352050781
40.75263595581055
-74.0021743774414
40.74190139770508
-73.94995880126953
40.756290435791016
-74.01721954345703
40.76995086669922
-73.71794891357422
40.76130294799805
-73.9556884765625
40.77885055541992
-73.95735931396484
40.714054107666016
-73.98686981201172
40.74504852294922
-73.96737670898438
40.76974868774414
-73.9413833618164
40.73251724243164
-73.99038696289062
40.728275299072266
-73.98817443847656
40.76008987426758
-73.9945297241211
40.71489334106445
-74.02949523925781
40.749019622802734
-74.00387573242188
40.80702209472656
-73.96015167236328
40.760826110839844
-74.00540161132812
40.76338577270508
-73.96469116210938
40.722801208496094
-73.97734069824219
40.721126556396484
-73.9472427368164
40.77737045288086
-74.00335693359375
40.73011779785156
-73.99320220947266
40.73605728149414
-73.98074340820312
40.72646713256836
-73.9997787475586
40.72142028808594
-73.99510192871094
40.776405334472656
-73.9714126586914
40.734413146972656
-73.99556732177734
40.670021057128906
-73.95706176757812
40.747901916503906
-73.98550415039062
40.7493896484375
-73.98075103759766
40.766578674316406
-73.96135711669922
40.75019073486328
-73.84503173828125
40.75717544555664
-73.98668670654297
40.76412582397461
-73.97782135009766
40.75450134277344
-73.98306274414062
40.76089096069336
-73.97683715820312
40.7352294921875
-73.96908569335938
40.769866943359375
-73.95008850097656
40.71303176879883
-73.9961166381836
40.72480010986328
-73.98159790039062
40.767032623291016
-73.9560317993164
40.735862731933594
-73.98920440673828
40.70628356933594
-73.98854064941406
40.74443817138672
-73.99726104736328
40.74223327636719
-74.00281524658203
40.74774932861328
-73.98744201660156
40.751399993896484
-73.98748779296875
40.74181365966797
-73.98119354248047
40.731197357177734
-73.95684814453125
40.78322982788086
-74.01448822021484
41.106483459472656
-73.48359680175781
40.7393684387207
-73.98973846435547
40.75368118286133
-73.98065948486328
40.759830474853516
-73.98055267333984
40.7172966003418
-73.99150085449219
40.738243103027344
-73.93551635742188
40.72218322753906
-73.98833465576172
40.744815826416016
-73.9952621459961
40.74588394165039
-73.94046783447266
40.64866638183594
-73.97721099853516
40.764060974121094
-73.96646881103516
40.79804229736328
-73.92855072021484
40.70539093017578
-73.99668884277344
40.76660919189453
-73.97380065917969
40.75775909423828
-73.97344970703125
40.748226165771484
-73.98031616210938
40.74606704711914
-73.99517059326172
40.750431060791016
-73.97355651855469
40.74565887451172
-73.95256805419922
40.72671890258789
-74.00798034667969
40.745113372802734
-73.94685363769531
40.7830696105957
-73.95101928710938
40.781070709228516
-73.95639038085938
40.728981018066406
-74.00054931640625
40.77080154418945
-73.9914321899414
40.7869987487793
-73.98091888427734
40.71204376220703
-73.9925765991211
40.74336624145508
-73.9500503540039
40.767478942871094
-73.9700698852539
40.746768951416016
-73.96926879882812
40.72632598876953
-74.00254821777344
40.77788543701172
-73.97502899169922
40.763999938964844
-74.00981903076172
40.736053466796875
-73.9758071899414
40.719764709472656
-73.99894714355469
40.71794128417969
-74.00389862060547
40.76601028442383
-73.98245239257812
40.77320098876953
-73.95846557617188
40.77796936035156
-73.97760009765625
40.73274612426758
-73.99488067626953
40.74365997314453
-74.00666809082031
40.750038146972656
-74.00599670410156
40.753658294677734
-73.96295928955078
40.74652862548828
-74.00401306152344
40.70174789428711
-73.98654174804688
40.70891189575195
-74.00885772705078
40.75283432006836
-73.85662078857422
40.7989616394043
-73.9590072631836
40.70503616333008
-73.98841857910156
40.76810836791992
-73.85778045654297
40.75154113769531
-73.97628784179688
40.75215530395508
-73.90760803222656
40.77867889404297
-73.94306182861328
40.75654983520508
-73.86305236816406
40.77565002441406
-73.9660873413086
40.648582458496094
-73.72567749023438
40.64204025268555
-74.0772933959961
40.7412109375
-73.97828674316406
40.76053237915039
-73.98889923095703
40.72227096557617
-73.99412536621094
40.75583267211914
-73.98855590820312
40.73261642456055
-73.9908676147461
40.75712203979492
-73.98548126220703
40.750091552734375
-73.99199676513672
40.765010833740234
-74.00712585449219
40.765872955322266
-73.97862243652344
40.763450622558594
-73.9605941772461
40.70326232910156
-73.9503173828125
40.7244987487793
-73.99161529541016
40.746028900146484
-73.9864273071289
40.78092956542969
-73.94792938232422
40.75039291381836
-74.01463317871094
40.76709747314453
-73.97377014160156
40.736663818359375
-73.98590087890625
40.717681884765625
-73.91532897949219
40.746238708496094
-73.98306274414062
40.74256896972656
-73.98902893066406
40.76667022705078
-73.98362731933594
40.750518798828125
-73.97953796386719
40.77552032470703
-73.9932632446289
40.77047348022461
-74.00212097167969
40.709327697753906
-73.99005126953125
40.75257110595703
-73.98692321777344
40.751190185546875
-73.99568939208984
40.73468017578125
-73.99290466308594
40.747833251953125
-73.99095153808594
40.78032302856445
-73.9619369506836
40.74448013305664
-73.99054718017578
40.70779037475586
-73.95207977294922
40.75514221191406
-73.99085235595703
40.7373161315918
-73.99462890625
40.74378967285156
-74.00116729736328
40.7411994934082
-73.9866714477539
40.75815963745117
-73.82679748535156
40.78578186035156
-73.97944641113281
40.72248840332031
-73.98542785644531
40.78786849975586
-73.94902801513672
40.72621154785156
-73.9876937866211
40.76388931274414
-73.9424057006836
40.756168365478516
-73.98786163330078
40.750221252441406
-74.0162582397461
40.753868103027344
-73.99160766601562
40.75779342651367
-73.99431610107422
40.76702117919922
-73.981201171875
40.755828857421875
-73.99777221679688
40.75110626220703
-73.96710968017578
40.771400451660156
-73.96003723144531
40.70954132080078
-73.99952697753906
40.76033020019531
-73.98454284667969
40.64714050292969
-73.92577362060547
40.7228889465332
-73.98924255371094
40.786251068115234
-74.0084228515625
40.744598388671875
-73.99153137207031
40.76433181762695
-73.96060180664062
40.775535583496094
-73.98490142822266
40.759429931640625
-73.98548889160156
40.75004196166992
-73.99388122558594
40.712158203125
-74.01698303222656
40.767906188964844
-73.99596405029297
40.77138137817383
-73.95182800292969
40.72734832763672
-73.8643798828125
40.76058578491211
-73.9764404296875
40.774009704589844
-73.9522476196289
40.7625732421875
-73.9568099975586
40.74801254272461
-73.98819732666016
40.748958587646484
-73.99285125732422
40.73828887939453
-73.99059295654297
40.76832962036133
-73.9866714477539
40.81174850463867
-73.97730255126953
40.74043273925781
-73.98518371582031
40.72050857543945
-73.99614715576172
40.815338134765625
-73.96585845947266
40.7604866027832
-73.99640655517578
40.757511138916016
-73.95993041992188
40.769989013671875
-73.99153137207031
40.76851272583008
-73.95230865478516
40.76628112792969
-73.95858001708984
40.750205993652344
-73.97403717041016
40.765113830566406
-73.9681396484375
40.756717681884766
-73.98432159423828
40.73896026611328
-74.00467681884766
40.735252380371094
-73.97856903076172
40.774017333984375
-74.00376892089844
40.71738815307617
-73.9913330078125
40.76164245605469
-73.94945526123047
40.739131927490234
-73.9829330444336
40.77405548095703
-73.88651275634766
40.781497955322266
-73.96806335449219
40.742122650146484
-73.98585510253906
40.71818542480469
-73.976318359375
40.764068603515625
-74.01177978515625
40.742801666259766
-73.994873046875
40.74162673950195
-73.9499282836914
40.76091766357422
-73.96521759033203
40.734588623046875
-74.00492095947266
40.73427963256836
-73.97862243652344
40.750789642333984
-73.99102020263672
40.73979187011719
-73.95674133300781
40.765480041503906
-73.93080139160156
40.7322998046875
-73.98811340332031
40.756656646728516
-73.98641204833984
40.72581481933594
-74.00599670410156
40.741825103759766
-73.9918441772461
40.75088119506836
-73.9743881225586
40.7399787902832
-73.97977447509766
40.73651885986328
-73.98883056640625
40.761558532714844
-73.9627914428711
40.72037124633789
-73.9976806640625
40.712974548339844
-73.9625244140625
40.74983215332031
-73.98084259033203
40.73333740234375
-73.99407196044922
40.751773834228516
-74.00582122802734
40.770076751708984
-73.98174285888672
40.74937057495117
-73.95317077636719
40.73293685913086
-73.96851348876953
40.72962188720703
-73.98506927490234
40.760589599609375
-73.97313690185547
40.774009704589844
-73.89859008789062
40.74642562866211
-73.9898681640625
40.73846435546875
-73.98955535888672
40.7620735168457
-73.96342468261719
40.74359893798828
-74.01284790039062
40.75611114501953
-73.97844696044922
40.73423767089844
-73.9700698852539
40.771610260009766
-73.95867919921875
40.71399688720703
-73.99114990234375
40.754791259765625
-73.98648071289062
40.769371032714844
-74.00534057617188
40.74915313720703
-73.97594451904297
40.70327377319336
-73.98212432861328
40.64755630493164
-73.94338989257812
40.76979064941406
-73.98027801513672
40.73957061767578
-73.98580169677734
40.79071807861328
-74.00946044921875
40.74930191040039
-73.95455169677734
40.75047302246094
-73.97802734375
40.7460823059082
-74.01554870605469
40.762081146240234
-73.97901916503906
40.79263687133789
-73.9881362915039
40.79608917236328
-73.9715805053711
40.77404022216797
-73.9877700805664
40.75993347167969
-73.9856185913086
40.78040313720703
-73.9831314086914
40.73517990112305
-73.94669342041016
40.77406692504883
-73.9818115234375
40.74176788330078
-73.78707122802734
40.76470947265625
-73.94294738769531
40.7589111328125
-73.9829330444336
40.74222183227539
-74.00270080566406
40.72037887573242
-73.99906921386719
40.758819580078125
-73.95050048828125
40.74254608154297
-73.99532318115234
40.646751403808594
-73.99671173095703
40.7699089050293
-73.99447631835938
40.7501106262207
-73.99270629882812
40.73814392089844
-73.95155334472656
40.764583587646484
-73.9906997680664
40.73418045043945
-73.99159240722656
40.71916961669922
-73.99015045166016
40.78984832763672
-73.94575500488281
40.73881530761719
-73.96102142333984
40.74961471557617
-73.98831939697266
40.702598571777344
-73.9962387084961
40.76409149169922
-73.99137878417969
40.76442337036133
-73.96054077148438
40.759498596191406
-73.97968292236328
40.72324752807617
-73.99213409423828
40.75834655761719
-73.9471206665039
40.76390075683594
-73.96988677978516
40.739410400390625
-73.93402099609375
40.75209045410156
-73.96961975097656
40.641849517822266
-73.84523010253906
40.74429702758789
-73.98751831054688
40.84809112548828
-73.93765258789062
40.77196502685547
-73.96964263916016
40.770904541015625
-73.9169921875
40.75196838378906
-73.9926986694336
40.76190948486328
-73.96247100830078
40.745819091796875
-74.00496673583984
40.77983093261719
-73.99710845947266
40.75101852416992
-73.97154235839844
40.748802185058594
-73.99174499511719
40.768943786621094
-73.98628234863281
40.75145721435547
-73.99238586425781
40.69546127319336
-73.89820861816406
40.775821685791016
-73.95330810546875
40.76483154296875
-74.00119018554688
40.74005889892578
-73.97808837890625
40.769588470458984
-73.95953369140625
40.74892807006836
-73.97850036621094
40.75297927856445
-73.98925018310547
40.730831146240234
-73.98200988769531
40.737327575683594
-73.97827911376953
40.757205963134766
-73.96546173095703
40.767127990722656
-73.95763397216797
40.76856994628906
-73.96920013427734
40.751319885253906
-73.95172119140625
40.761051177978516
-73.9784164428711
40.71431350708008
-74.00121307373047
40.750911712646484
-73.9786605834961
40.749900817871094
-74.00331115722656
40.726837158203125
-73.9735336303711
40.750431060791016
-73.97987365722656
40.794586181640625
-73.97713470458984
40.743751525878906
-74.00563049316406
40.74982833862305
-73.98435974121094
40.75624465942383
-73.99791717529297
40.71244812011719
-73.9923095703125
40.77309036254883
-73.9548110961914
40.77552795410156
-73.97948455810547
40.77067947387695
-73.98404693603516
40.754878997802734
-73.96263122558594
40.77288818359375
-74.00060272216797
40.741580963134766
-73.9924545288086
40.74491882324219
-73.9595718383789
40.74102020263672
-73.9929428100586
40.78886032104492
-73.94068908691406
40.73891830444336
-74.00679016113281
40.7388916015625
-74.00553894042969
40.72193145751953
-73.97618865966797
40.71115493774414
-73.9872817993164
40.76108169555664
-73.95608520507812
40.74870300292969
-74.00243377685547
40.75687026977539
-73.955322265625
40.75127029418945
-73.97573852539062
40.784278869628906
-73.9619369506836
40.76300811767578
-73.97120666503906
40.64752960205078
-73.95201873779297
40.75090026855469
-73.98851776123047
40.74522018432617
-73.96012878417969
40.71173858642578
-73.98875427246094
40.78489303588867
-73.95671081542969
40.721317291259766
-73.98753356933594
40.78847885131836
-73.97518920898438
40.73714065551758
-74.00801849365234
40.76203155517578
-74.01207733154297
40.75630569458008
-73.98876953125
40.77005386352539
-73.9892349243164
40.73590087890625
-73.9227523803711
40.76993179321289
-73.87533569335938
40.75600814819336
-74.00393676757812
40.74419403076172
-73.99112701416016
40.73347091674805
-73.98136138916016
40.70547103881836
-74.01361083984375
40.78445816040039
-73.97237396240234
40.78028869628906
-73.97441101074219
40.73788833618164
-73.98941802978516
40.75487518310547
-73.9901351928711
40.76179122924805
-73.95237731933594
40.76495361328125
-73.95171356201172
40.78676223754883
-73.98702239990234
40.78316879272461
-73.9885482788086
40.77541732788086
-73.97673797607422
40.770381927490234
-73.95479583740234
40.74925994873047
-73.99066162109375
40.753299713134766
-74.00824737548828
40.749881744384766
-73.98741912841797
40.745845794677734
-74.00431060791016
40.74800109863281
-73.9585189819336
40.7643928527832
-73.97926330566406
40.736751556396484
-73.78894805908203
40.79191589355469
-73.96809387207031
40.773929595947266
-73.97792053222656
40.775569915771484
-73.97783660888672
40.77940368652344
-73.94790649414062
40.759239196777344
-73.97614288330078
