1580
1 3
1 8
1 9
1 16
1 18
1 52
1 67
1 75
1 89
2 8
2 44
2 45
2 64
2 69
2 78
2 83
2 99
2 105
2 106
3 5
3 15
3 48
3 64
3 91
3 96
3 98
3 107
3 111
3 112
4 6
4 9
4 14
4 22
4 34
4 41
4 44
4 48
4 51
4 56
4 63
4 74
4 93
4 104
4 107
4 116
4 122
4 127
4 128
5 12
5 15
5 16
5 21
5 29
5 64
5 65
5 66
5 68
5 72
5 77
5 78
5 85
5 91
5 129
6 4
6 8
6 24
6 27
6 29
6 47
6 64
6 75
6 76
6 84
6 87
6 91
6 117
6 122
7 8
7 9
7 18
7 21
7 25
7 27
7 29
7 30
7 31
7 33
7 54
7 75
7 78
7 80
7 90
7 91
7 96
7 110
7 121
8 12
8 18
8 20
8 21
8 26
8 28
8 32
8 37
8 46
8 47
8 48
8 49
8 60
8 73
8 83
8 112
8 113
8 120
8 121
8 123
9 8
9 17
9 18
9 19
9 20
9 21
9 23
9 25
9 27
9 29
9 33
9 34
9 50
9 52
9 53
9 54
9 59
9 63
9 74
9 80
9 86
9 97
9 111
9 119
9 120
10 14
10 18
10 19
10 20
10 22
10 23
10 24
10 26
10 28
10 29
10 30
10 35
10 39
10 41
10 48
10 52
10 57
10 58
10 60
10 75
10 78
10 83
10 92
10 110
10 112
10 120
11 2
11 3
11 7
11 17
11 18
11 21
11 22
11 24
11 26
11 27
11 30
11 31
11 32
11 34
11 56
11 57
11 78
11 79
11 80
11 84
11 85
11 86
11 99
11 119
11 120
12 14
12 15
12 17
12 18
12 20
12 21
12 22
12 23
12 25
12 29
12 32
12 35
12 37
12 39
12 40
12 77
12 79
12 82
12 84
12 85
12 89
12 95
12 98
12 102
12 106
12 111
12 117
12 120
13 0
13 16
13 17
13 18
13 19
13 20
13 23
13 24
13 25
13 26
13 27
13 28
13 29
13 31
13 33
13 34
13 36
13 38
13 61
13 78
13 79
13 80
13 82
13 83
13 84
13 85
13 103
13 112
13 113
13 117
13 119
14 8
14 9
14 14
14 15
14 18
14 19
14 21
14 22
14 24
14 26
14 29
14 30
14 52
14 74
14 75
14 76
14 77
14 78
14 79
14 80
14 81
14 82
14 86
14 87
14 91
14 122
14 130
14 131
15 0
15 17
15 19
15 21
15 22
15 23
15 24
15 26
15 27
15 31
15 32
15 33
15 34
15 35
15 37
15 39
15 59
15 67
15 72
15 74
15 76
15 77
15 80
15 82
15 83
15 85
15 87
15 90
15 96
15 97
15 117
15 123
15 130
15 131
16 8
16 17
16 19
16 20
16 22
16 23
16 27
16 28
16 38
16 47
16 52
16 58
16 67
16 71
16 72
16 73
16 75
16 78
16 79
16 82
16 85
16 86
16 88
16 91
16 98
16 109
16 113
16 132
17 1
17 5
17 7
17 8
17 17
17 18
17 19
17 21
17 23
17 25
17 26
17 29
17 30
17 32
17 33
17 34
17 35
17 36
17 39
17 40
17 42
17 57
17 58
17 70
17 72
17 73
17 74
17 75
17 78
17 80
17 82
17 85
17 86
17 89
17 101
17 102
17 103
17 118
18 4
18 8
18 19
18 21
18 24
18 25
18 27
18 28
18 29
18 30
18 34
18 35
18 37
18 47
18 49
18 50
18 53
18 62
18 65
18 67
18 69
18 71
18 72
18 73
18 75
18 78
18 79
18 81
18 84
18 86
18 88
18 92
18 98
18 109
18 114
18 131
19 2
19 3
19 15
19 17
19 18
19 19
19 21
19 24
19 25
19 26
19 27
19 28
19 30
19 31
19 34
19 39
19 42
19 47
19 49
19 69
19 71
19 72
19 75
19 76
19 77
19 80
19 83
19 84
19 87
19 88
19 89
19 90
19 98
19 102
19 112
20 0
20 1
20 2
20 19
20 20
20 22
20 23
20 24
20 25
20 26
20 27
20 29
20 30
20 32
20 33
20 34
20 36
20 40
20 41
20 57
20 68
20 72
20 73
20 74
20 76
20 77
20 78
20 79
20 82
20 83
20 85
20 90
20 91
20 103
20 113
20 116
20 127
21 0
21 5
21 15
21 18
21 23
21 24
21 25
21 26
21 28
21 31
21 33
21 34
21 35
21 56
21 62
21 63
21 70
21 71
21 72
21 74
21 76
21 77
21 78
21 80
21 81
21 84
21 86
21 88
21 90
21 91
21 97
21 114
21 115
21 123
21 129
22 10
22 18
22 21
22 24
22 25
22 26
22 27
22 29
22 30
22 31
22 32
22 36
22 37
22 38
22 39
22 40
22 41
22 42
22 51
22 59
22 64
22 70
22 71
22 72
22 75
22 76
22 79
22 80
22 81
22 83
22 84
22 85
22 88
22 89
22 124
23 2
23 6
23 15
23 19
23 21
23 23
23 25
23 27
23 30
23 31
23 33
23 34
23 35
23 36
23 44
23 67
23 69
23 70
23 71
23 72
23 76
23 77
23 79
23 80
23 82
23 85
23 87
23 89
23 90
23 92
23 93
23 95
23 96
23 120
23 121
23 123
23 125
23 126
23 127
23 129
24 2
24 18
24 21
24 26
24 27
24 29
24 30
24 32
24 33
24 39
24 41
24 70
24 71
24 72
24 73
24 74
24 75
24 76
24 77
24 79
24 82
24 83
24 85
24 86
24 88
24 90
24 95
24 106
24 108
24 116
24 123
24 124
24 125
24 126
24 128
24 130
25 17
25 20
25 22
25 24
25 26
25 28
25 30
25 31
25 34
25 39
25 40
25 41
25 44
25 48
25 49
25 51
25 62
25 65
25 69
25 70
25 71
25 72
25 73
25 75
25 76
25 77
25 78
25 79
25 80
25 81
25 84
25 85
25 86
25 87
25 90
25 91
25 93
25 105
25 106
25 121
25 122
25 123
25 125
25 126
25 127
26 0
26 8
26 10
26 17
26 19
26 21
26 22
26 27
26 33
26 34
26 35
26 36
26 39
26 55
26 62
26 69
26 71
26 72
26 79
26 80
26 82
26 83
26 84
26 88
26 90
26 92
26 93
26 94
26 97
26 99
26 117
26 122
26 123
26 124
26 125
26 126
26 127
26 128
26 129
26 131
26 132
27 15
27 19
27 22
27 27
27 28
27 29
27 31
27 37
27 39
27 41
27 47
27 54
27 60
27 64
27 69
27 70
27 72
27 75
27 77
27 78
27 80
27 81
27 82
27 84
27 85
27 87
27 88
27 90
27 92
27 93
27 103
27 107
27 114
27 115
27 119
27 121
27 122
27 123
28 1
28 5
28 10
28 11
28 17
28 24
28 26
28 27
28 29
28 35
28 38
28 39
28 40
28 52
28 61
28 69
28 73
28 75
28 76
28 78
28 79
28 80
28 81
28 85
28 87
28 88
28 89
28 90
28 91
28 113
28 118
28 121
28 122
28 124
28 125
28 126
28 127
28 128
28 129
28 131
28 132
29 20
29 21
29 23
29 24
29 26
29 29
29 30
29 33
29 39
29 61
29 67
29 70
29 71
29 72
29 73
29 76
29 77
29 78
29 80
29 82
29 84
29 86
29 88
29 89
29 93
29 109
29 121
29 123
29 126
29 128
29 130
30 4
30 9
30 15
30 20
30 24
30 26
30 27
30 31
30 32
30 34
30 36
30 39
30 51
30 55
30 63
30 69
30 71
30 74
30 76
30 77
30 79
30 81
30 82
30 83
30 86
30 87
30 88
30 92
30 94
30 107
30 119
30 120
30 121
30 122
30 123
30 124
30 126
30 127
30 128
30 130
31 2
31 25
31 26
31 27
31 28
31 30
31 32
31 33
31 35
31 37
31 38
31 66
31 69
31 70
31 71
31 73
31 75
31 76
31 82
31 87
31 89
31 91
31 93
31 97
31 122
31 123
31 124
31 127
31 130
31 131
32 0
32 11
32 17
32 18
32 24
32 26
32 36
32 37
32 55
32 61
32 73
32 75
32 78
32 79
32 80
32 81
32 82
32 83
32 87
32 88
32 89
32 91
32 94
32 96
32 97
32 107
32 109
32 118
32 120
32 124
32 125
32 126
32 127
32 128
32 129
32 131
33 3
33 4
33 14
33 22
33 27
33 28
33 33
33 36
33 37
33 38
33 70
33 71
33 72
33 74
33 75
33 76
33 77
33 78
33 79
33 80
33 83
33 84
33 86
33 89
33 91
33 112
33 116
33 120
33 122
33 123
33 125
33 127
33 129
34 17
34 18
34 30
34 32
34 33
34 34
34 36
34 39
34 45
34 46
34 68
34 73
34 78
34 82
34 83
34 84
34 86
34 87
34 88
34 89
34 91
34 92
34 93
34 94
34 96
34 109
34 115
34 120
34 121
34 130
34 131
35 7
35 12
35 21
35 25
35 29
35 32
35 34
35 45
35 46
35 53
35 72
35 73
35 76
35 77
35 79
35 82
35 83
35 85
35 86
35 87
35 88
35 89
35 90
35 91
35 93
35 118
35 119
35 122
35 123
35 128
35 131
36 0
36 14
36 18
36 28
36 41
36 51
36 59
36 62
36 72
36 74
36 75
36 76
36 78
36 80
36 81
36 82
36 83
36 89
36 92
36 107
36 120
36 121
36 124
36 126
36 127
36 130
36 132
37 4
37 13
37 15
37 17
37 29
37 67
37 73
37 74
37 75
37 78
37 86
37 87
37 88
37 89
37 95
37 97
37 119
37 123
37 124
37 125
37 128
37 130
37 131
37 132
38 0
38 16
38 18
38 30
38 56
38 57
38 72
38 75
38 78
38 80
38 81
38 82
38 83
38 84
38 87
38 91
38 106
38 107
38 119
38 120
38 121
38 122
38 123
38 124
38 128
38 130
38 132
39 1
39 12
39 18
39 37
39 40
39 48
39 57
39 71
39 75
39 76
39 78
39 79
39 80
39 85
39 86
39 87
39 88
39 89
39 90
39 118
39 122
39 123
39 124
39 125
39 126
39 127
39 128
39 129
39 131
39 132
40 1
40 6
40 11
40 23
40 44
40 49
40 66
40 67
40 75
40 76
40 77
40 78
40 79
40 82
40 84
40 85
40 87
40 88
40 94
40 98
40 99
40 104
40 107
40 119
40 120
40 124
40 125
40 127
40 128
40 130
41 2
41 18
41 44
41 73
41 74
41 76
41 77
41 78
41 79
41 80
41 81
41 83
41 84
41 85
41 86
41 87
41 95
41 106
41 121
41 122
41 123
41 124
41 125
41 126
41 128
41 129
41 131
41 132
42 4
42 9
42 26
42 32
42 33
42 35
42 37
42 65
42 66
42 80
42 82
42 100
42 120
42 121
42 122
42 124
42 125
42 126
42 127
42 128
43 9
43 11
43 22
43 24
43 26
43 28
43 39
43 47
43 53
43 60
43 61
43 69
43 76
43 78
43 79
43 93
43 94
43 121
43 123
43 127
43 129
43 131
43 132
44 14
44 24
44 28
44 29
44 30
44 40
44 59
44 65
44 69
44 70
44 80
44 112
44 113
44 117
44 125
44 126
44 130
45 9
45 12
45 13
45 14
45 16
45 24
45 30
45 31
45 43
45 50
45 57
45 122
45 125
45 127
45 129
45 132
46 17
46 18
46 21
46 37
46 38
46 45
46 57
46 60
46 69
46 70
46 75
46 93
46 104
46 122
47 3
47 22
47 23
47 37
47 46
47 56
47 58
47 63
47 69
47 70
47 71
47 85
47 101
47 109
47 110
47 128
47 132
48 3
48 4
48 30
48 53
48 60
48 68
48 69
48 105
48 109
48 116
48 124
48 125
48 128
48 130
49 0
49 1
49 2
49 3
49 5
49 40
49 46
49 54
49 55
49 56
49 58
49 59
49 60
49 75
49 93
49 97
49 131
49 132
50 0
50 1
50 4
50 34
50 37
50 40
50 42
50 43
50 69
50 80
50 90
51 1
51 2
51 3
51 4
51 6
51 17
51 34
51 45
51 57
51 74
51 90
51 93
51 94
51 100
51 104
51 130
51 131
52 0
52 1
52 2
52 3
52 4
52 7
52 15
52 42
52 50
52 51
52 53
52 55
52 56
52 89
52 106
52 121
53 0
53 1
53 2
53 3
53 4
53 6
53 18
53 36
53 45
53 54
53 58
53 76
53 85
53 92
53 94
53 99
53 104
53 108
53 110
53 111
53 120
54 0
54 5
54 13
54 19
54 23
54 35
54 46
54 55
54 56
54 84
54 89
54 92
54 96
54 101
54 102
54 103
54 128
55 0
55 1
55 2
55 3
55 4
55 6
55 8
55 10
55 15
55 16
55 21
55 27
55 32
55 47
55 48
55 52
55 65
55 68
55 75
55 78
56 0
56 1
56 2
56 3
56 7
56 9
56 19
56 35
56 47
56 48
56 52
56 84
56 88
56 95
56 97
56 102
57 0
57 1
57 4
57 5
57 6
57 7
57 14
57 15
57 16
57 23
57 25
57 26
57 27
57 39
57 47
57 49
57 58
57 60
57 76
57 86
57 88
57 92
57 121
58 0
58 1
58 3
58 5
58 7
58 8
58 10
58 28
58 31
58 45
58 46
58 50
58 51
58 65
58 68
58 79
58 86
58 113
58 127
58 128
59 2
59 4
59 5
59 6
59 9
59 12
59 15
59 20
59 36
59 53
59 55
59 56
59 57
59 58
59 64
59 65
59 69
59 81
59 89
59 95
59 122
59 126
59 128
60 0
60 1
60 2
60 3
60 4
60 6
60 7
60 9
60 10
60 12
60 34
60 61
60 65
60 69
60 74
60 75
60 76
60 79
60 84
61 0
61 1
61 2
61 3
61 4
61 5
61 13
61 20
61 26
61 36
61 50
61 53
61 69
61 70
61 71
61 72
61 115
61 124
61 126
62 0
62 4
62 5
62 10
62 12
62 14
62 21
62 25
62 37
62 50
62 54
62 57
62 59
62 60
62 75
62 81
62 85
62 88
62 92
62 94
62 95
62 114
62 120
