733
1 8
1 117
1 121
1 122
1 123
1 125
1 130
2 117
2 122
2 123
2 127
3 116
3 120
3 121
3 122
3 125
3 126
3 132
4 12
4 118
4 119
4 122
4 123
4 126
4 127
4 128
5 79
5 117
5 119
5 120
5 121
5 122
5 125
5 128
5 129
5 132
6 14
6 116
6 118
6 119
6 120
6 122
6 123
6 124
6 125
7 13
7 104
7 114
7 118
7 119
7 120
7 121
7 122
7 124
7 125
7 126
7 127
7 128
7 129
7 132
8 13
8 16
8 17
8 29
8 117
8 118
8 119
8 120
8 123
8 124
8 128
8 129
9 9
9 10
9 12
9 14
9 97
9 116
9 117
9 118
9 119
9 120
9 121
9 122
9 123
9 124
9 126
9 128
9 129
10 7
10 8
10 9
10 10
10 11
10 12
10 13
10 15
10 18
10 115
10 116
10 117
10 118
10 120
10 121
10 122
10 123
10 124
10 125
10 127
10 128
10 129
10 131
11 9
11 13
11 14
11 16
11 98
11 99
11 115
11 116
11 117
11 118
11 119
11 120
11 121
11 122
11 123
11 124
11 125
11 126
11 127
11 129
12 5
12 6
12 8
12 9
12 10
12 11
12 12
12 14
12 114
12 117
12 120
12 121
12 122
12 123
12 124
12 125
12 126
12 127
12 128
12 129
13 5
13 6
13 7
13 8
13 9
13 10
13 12
13 13
13 14
13 15
13 16
13 18
13 19
13 116
13 118
13 119
13 120
13 122
13 123
13 124
13 125
13 126
13 127
13 128
13 129
13 131
14 5
14 6
14 7
14 9
14 10
14 11
14 12
14 13
14 14
14 15
14 17
14 18
14 115
14 116
14 117
14 118
14 119
14 120
14 121
14 122
14 123
14 124
14 125
14 127
15 8
15 9
15 10
15 11
15 12
15 13
15 14
15 15
15 16
15 17
15 118
15 119
15 122
15 123
15 124
15 125
15 126
15 127
16 4
16 5
16 6
16 7
16 8
16 9
16 10
16 11
16 12
16 13
16 14
16 15
16 16
16 17
16 18
16 19
16 116
16 117
16 119
16 120
16 121
16 123
16 126
16 127
16 128
16 130
17 6
17 7
17 8
17 10
17 11
17 12
17 13
17 14
17 16
17 17
17 19
17 117
17 118
17 120
17 121
17 122
17 123
17 124
17 125
17 126
17 127
18 4
18 5
18 6
18 7
18 8
18 9
18 11
18 12
18 13
18 14
18 15
18 16
18 17
18 18
18 19
18 119
18 120
18 121
18 122
18 124
18 125
18 127
19 5
19 8
19 9
19 10
19 11
19 12
19 13
19 14
19 18
19 116
19 117
19 118
19 119
19 123
19 124
19 126
20 5
20 7
20 11
20 12
20 13
20 14
20 15
20 16
20 17
20 19
20 119
20 120
20 122
20 123
21 6
21 7
21 8
21 9
21 13
21 15
21 16
21 121
21 124
22 7
22 8
22 10
22 11
22 12
22 14
22 15
22 121
22 122
23 8
23 9
23 10
23 11
23 12
23 14
23 15
23 16
24 9
24 10
24 11
24 12
24 13
25 12
25 13
25 14
26 16
26 61
26 63
27 58
27 59
27 60
27 61
27 64
27 65
28 14
28 59
28 60
28 62
28 63
28 64
28 65
28 66
29 56
29 57
29 58
29 59
29 60
29 61
29 62
29 63
29 64
29 66
29 67
30 55
30 56
30 58
30 59
30 60
30 61
30 62
30 63
30 64
30 65
30 66
30 67
31 55
31 57
31 58
31 59
31 60
31 61
31 62
31 63
31 64
31 65
31 66
31 67
31 68
31 69
32 56
32 57
32 58
32 59
32 60
32 63
32 64
32 65
32 66
32 67
33 53
33 54
33 55
33 56
33 57
33 59
33 60
33 61
33 62
33 63
33 64
33 65
33 66
33 67
33 69
34 54
34 56
34 58
34 59
34 60
34 61
34 62
34 63
34 64
34 65
34 66
34 67
34 68
35 55
35 56
35 57
35 58
35 59
35 61
35 62
35 63
35 64
35 65
35 66
35 67
35 68
35 69
35 71
36 54
36 55
36 59
36 60
36 61
36 62
36 63
36 64
36 65
36 67
36 68
36 69
37 54
37 55
37 56
37 57
37 58
37 59
37 60
37 61
37 62
37 63
37 64
37 65
37 66
37 67
37 68
37 69
37 71
38 54
38 56
38 57
38 58
38 59
38 60
38 61
38 62
38 63
38 64
38 65
38 66
38 67
38 68
39 55
39 57
39 60
39 61
39 62
39 63
39 64
39 65
39 66
39 67
39 71
40 54
40 56
40 57
40 58
40 59
40 60
40 61
40 62
40 64
40 65
40 66
40 67
40 68
40 123
41 55
41 56
41 57
41 58
41 59
41 60
41 61
41 63
41 64
41 65
41 66
41 69
42 57
42 59
42 60
42 61
42 62
42 64
42 65
42 67
43 50
43 55
43 58
43 59
43 61
43 62
43 63
44 125
45 55
45 119
45 122
46 42
46 55
46 124
47 57
47 123
47 124
47 131
48 7
48 8
48 9
48 26
48 117
48 119
48 120
48 121
48 122
48 124
48 125
48 126
48 127
49 7
49 57
49 116
49 120
49 122
49 126
50 7
50 117
50 118
50 119
50 120
50 123
50 124
50 125
50 126
51 7
51 117
51 118
51 119
51 120
51 121
51 122
51 124
51 125
51 126
51 127
51 128
51 129
51 132
52 8
52 118
52 120
52 121
52 122
52 123
52 124
52 126
52 127
53 117
53 118
53 119
53 120
53 121
53 122
53 123
53 124
53 125
53 126
53 127
53 129
53 132
54 9
54 60
54 116
54 117
54 118
54 120
54 121
54 123
54 124
54 125
54 126
54 127
54 129
54 131
55 116
55 117
55 118
55 119
55 120
55 121
55 122
55 123
55 124
55 125
55 127
55 128
56 12
56 13
56 15
56 117
56 119
56 120
56 121
56 123
56 124
56 125
56 126
56 127
56 129
57 24
57 117
57 118
57 120
57 121
57 122
57 123
57 125
57 126
57 127
57 128
58 61
58 118
58 119
58 121
58 122
58 123
58 124
58 125
58 126
58 128
58 129
59 41
59 42
59 43
59 46
59 115
59 117
59 119
59 120
59 121
59 122
59 123
59 125
59 126
59 127
59 128
60 61
60 88
60 116
60 117
60 119
60 121
60 122
60 124
60 125
60 127
60 128
60 129
61 60
61 62
61 69
61 120
61 122
61 123
61 125
61 126
62 72
62 116
62 118
62 121
62 122
62 123
62 124
