51
19.995 19.995
19.996 19.996
19.996 19.998
19.996 20
19.996 20.002
19.996 20.004
19.997 19.997
19.997 19.999
19.997 20.001
19.997 20.003
19.997 20.005
19.998 19.996
19.998 19.998
19.998 20
19.998 20.002
19.998 20.004
19.999 19.997
19.999 19.999
19.999 20.001
19.999 20.003
19.999 20.005
20 19.996
20 19.998
20 20
20 20.002
20 20.004
20.001 19.997
20.001 19.999
20.001 20.001
20.001 20.003
20.001 20.005
20.002 19.996
20.002 19.998
20.002 20
20.002 20.002
20.002 20.004
20.003 19.997
20.003 19.999
20.003 20.001
20.003 20.003
20.003 20.005
20.004 19.996
20.004 19.998
20.004 20
20.004 20.002
20.004 20.004
20.005 19.997
20.005 19.999
20.005 20.001
20.005 20.003
20.005 20.005
